3
0.999203 -0.023304 -0.032410 0.000000
-0.026391 -0.994802 -0.098345 0.000000
-0.029950 0.099122 -0.994624 0.000000
0.040307 0.047474 0.043670 1.000000
0.999453 -0.019181 -0.026931 0.000000
-0.022092 -0.993426 -0.112325 0.000000
-0.024599 0.112859 -0.993306 0.000000
0.038276 0.035627 0.045023 1.000000
0.025572 0.994772 0.098867 0.000000
-0.999599 0.024245 0.014603 0.000000
0.012130 -0.099200 0.994994 0.000000
0.048031 0.064574 0.050118 1.000000
2151.326492
