3
0.999898 0.003814 -0.013764 0.000000
0.007320 -0.964341 0.264561 0.000000
-0.012264 -0.264635 -0.964271 0.000000
0.312955 -0.084979 0.291205 1.000000
0.999902 0.009631 -0.010124 0.000000
0.011865 -0.967901 0.251052 0.000000
-0.007381 -0.251148 -0.967921 0.000000
0.311275 -0.095623 0.296698 1.000000
-0.008149 0.964469 -0.264070 0.000000
-0.999951 -0.009325 -0.003200 0.000000
-0.005548 0.264031 0.964498 0.000000
0.319995 -0.066430 0.291157 1.000000
2170.965574
