3
0.970012 -0.000671 -0.243057 0.000000
0.038290 -0.987088 0.155533 0.000000
-0.240023 -0.160176 -0.957462 0.000000
0.240910 -0.073491 0.247140 1.000000
0.971023 0.004725 -0.238940 0.000000
0.039522 -0.989213 0.141049 0.000000
-0.235696 -0.146405 -0.960735 0.000000
0.240205 -0.084650 0.251752 1.000000
-0.038980 0.987168 -0.154855 0.000000
-0.974102 -0.002998 0.226089 0.000000
0.222723 0.159657 0.961719 0.000000
0.248312 -0.055085 0.247374 1.000000
2174.046426
