3
0.998063 -0.019381 -0.059123 0.000000
-0.020296 -0.999683 -0.014928 0.000000
-0.058815 0.016099 -0.998139 0.000000
0.027393 0.009417 0.033461 1.000000
0.998430 -0.014816 -0.054013 0.000000
-0.016405 -0.999442 -0.029092 0.000000
-0.053552 0.029932 -0.998116 0.000000
0.025507 -0.002290 0.035848 1.000000
0.019493 0.999690 0.015473 0.000000
-0.998968 0.018839 0.041318 0.000000
0.041014 -0.016263 0.999026 0.000000
0.035143 0.027043 0.038247 1.000000
2149.386022
