3
0.963898 0.171316 0.203841 0.000000
0.130605 -0.971311 0.198740 0.000000
0.232041 -0.164943 -0.958619 0.000000
0.433648 -0.124328 0.091161 1.000000
0.962097 0.176659 0.207753 0.000000
0.138366 -0.972693 0.186344 0.000000
0.234999 -0.150535 -0.960268 0.000000
0.432875 -0.135601 0.095479 1.000000
-0.131525 0.971249 -0.198434 0.000000
-0.959503 -0.175030 -0.220724 0.000000
-0.249110 0.161367 0.954937 0.000000
0.437023 -0.104958 0.093808 1.000000
2164.508482
