3
0.977356 -0.035279 0.208641 0.000000
-0.018922 -0.996625 -0.079884 0.000000
0.210755 0.074127 -0.974724 0.000000
0.181520 0.047685 0.025048 1.000000
0.976357 -0.031021 0.213929 0.000000
-0.011377 -0.995652 -0.092452 0.000000
0.215866 0.087832 -0.972465 0.000000
0.179024 0.035900 0.026136 1.000000
0.018001 0.996617 0.080194 0.000000
-0.973461 0.035771 -0.226040 0.000000
-0.228144 -0.073997 0.970811 0.000000
0.187764 0.064856 0.032782 1.000000
2155.107096
