3
0.998000 -0.011746 -0.062106 0.000000
-0.009730 -0.999419 0.032661 0.000000
-0.062453 -0.031991 -0.997535 0.000000
0.025533 -0.009483 0.033194 1.000000
0.998338 -0.006939 -0.057219 0.000000
-0.005890 -0.999812 0.018486 0.000000
-0.057337 -0.018118 -0.998190 0.000000
0.023779 -0.021082 0.036141 1.000000
0.008928 0.999444 -0.032113 0.000000
-0.998962 0.010349 0.044350 0.000000
0.044658 0.031684 0.998500 0.000000
0.033112 0.008430 0.037106 1.000000
2148.583042
