3
0.997850 -0.022176 -0.061672 0.000000
-0.026572 -0.997094 -0.071398 0.000000
-0.059909 0.072883 -0.995539 0.000000
0.024791 0.032577 0.033578 1.000000
0.998253 -0.017910 -0.056312 0.000000
-0.022696 -0.996077 -0.085532 0.000000
-0.054559 0.086660 -0.994743 0.000000
0.022834 0.020765 0.035301 1.000000
0.025769 0.997076 0.071944 0.000000
-0.998781 0.022648 0.043866 0.000000
0.042108 -0.072987 0.996444 0.000000
0.032657 0.049855 0.039340 1.000000
2150.490075
