3
0.973141 -0.010773 -0.229957 0.000000
0.007392 -0.996927 0.077985 0.000000
-0.230090 -0.077591 -0.970071 0.000000
0.249049 -0.058429 0.232068 1.000000
0.974246 -0.005748 -0.225416 0.000000
0.008780 -0.997950 0.063396 0.000000
-0.225318 -0.063743 -0.972198 0.000000
0.247953 -0.069888 0.235780 1.000000
-0.008090 0.996974 -0.077311 0.000000
-0.977080 0.008566 0.212701 0.000000
0.212720 0.077260 0.974054 0.000000
0.256975 -0.040328 0.233842 1.000000
2175.248474
