3
0.909235 -0.029470 0.415238 0.000000
-0.022242 -0.999505 -0.022235 0.000000
0.415688 0.010981 -0.909441 0.000000
0.321029 0.021383 0.050497 1.000000
0.907219 -0.024880 0.419923 0.000000
-0.012167 -0.999384 -0.032926 0.000000
0.420483 0.024762 -0.906962 0.000000
0.318112 0.009709 0.051727 1.000000
0.021276 0.999524 0.022340 0.000000
-0.901703 0.028836 -0.431393 0.000000
-0.431832 -0.010966 0.901888 0.000000
0.325834 0.038958 0.058347 1.000000
2159.389565
