3
0.998331 0.004517 -0.057583 0.000000
0.016528 -0.977590 0.209869 0.000000
-0.055345 -0.210471 -0.976032 0.000000
0.012737 -0.107781 0.033605 1.000000
0.998510 0.010122 -0.053629 0.000000
0.020466 -0.980391 0.195996 0.000000
-0.050593 -0.196801 -0.979137 0.000000
0.011273 -0.118715 0.038566 1.000000
-0.017334 0.977690 -0.209336 0.000000
-0.999144 -0.009073 0.040358 0.000000
0.037558 0.209857 0.977011 0.000000
0.019815 -0.089259 0.034280 1.000000
2145.512444
