3
0.928783 -0.059194 0.365865 0.000000
-0.031525 -0.996203 -0.081148 0.000000
0.369280 0.063835 -0.927123 0.000000
0.284155 0.048743 0.042530 1.000000
0.927044 -0.054886 0.370914 0.000000
-0.022003 -0.995487 -0.092312 0.000000
0.374307 0.077416 -0.924068 0.000000
0.281209 0.037031 0.043203 1.000000
0.030567 0.996221 0.081303 0.000000
-0.922083 0.059500 -0.382392 0.000000
-0.385784 -0.063280 0.920416 0.000000
0.289495 0.065787 0.051168 1.000000
2157.716729
