3
0.999038 -0.005020 -0.043567 0.000000
0.001302 -0.989593 0.143887 0.000000
-0.043836 -0.143806 -0.988635 0.000000
-0.005940 -0.001565 -0.018949 1.000000
0.999230 0.000304 -0.039243 0.000000
0.005404 -0.991511 0.129912 0.000000
-0.038871 -0.130024 -0.990749 0.000000
-0.007612 -0.012787 -0.014755 1.000000
-0.002114 0.989668 -0.143360 0.000000
-0.999659 0.001641 0.026065 0.000000
0.026031 0.143366 0.989327 0.000000
0.001357 0.016773 -0.016934 1.000000
2143.041532
