3
0.998882 -0.000349 0.047273 0.000000
-0.004166 -0.996733 0.080660 0.000000
0.047090 -0.080767 -0.995620 0.000000
0.289868 -0.066496 0.206677 1.000000
0.998640 0.004690 0.051923 0.000000
0.001201 -0.997751 0.067023 0.000000
0.052121 -0.066869 -0.996399 0.000000
0.287908 -0.077964 0.209985 1.000000
0.003309 0.996773 -0.080204 0.000000
-0.997888 -0.001913 -0.064937 0.000000
-0.064881 0.080250 0.994661 0.000000
0.296812 -0.048308 0.210501 1.000000
2178.556476
