3
0.941264 -0.049200 0.334069 0.000000
-0.025368 -0.996836 -0.075334 0.000000
0.336718 0.062434 -0.939533 0.000000
0.261666 0.049099 0.040391 1.000000
0.939659 -0.044882 0.339154 0.000000
-0.016241 -0.996092 -0.086821 0.000000
0.341725 0.076074 -0.936716 0.000000
0.258850 0.037365 0.041219 1.000000
0.024415 0.996845 0.075522 0.000000
-0.935136 0.049482 -0.350817 0.000000
-0.353447 -0.062058 0.933394 0.000000
0.267145 0.066232 0.048761 1.000000
2157.047589
