3
0.911394 -0.022363 0.410926 0.000000
-0.023931 -0.999713 -0.001329 0.000000
0.410838 -0.008622 -0.911668 0.000000
0.320785 0.009359 0.043121 1.000000
0.909410 -0.017673 0.415525 0.000000
-0.013913 -0.999830 -0.012074 0.000000
0.415668 0.005199 -0.909501 0.000000
0.317857 -0.002282 0.044610 1.000000
0.022966 0.999735 0.001439 0.000000
-0.903950 0.021380 -0.427104 0.000000
-0.427022 0.008508 0.904201 0.000000
0.325660 0.027086 0.050579 1.000000
2159.857953
