3
0.998305 -0.002160 -0.058163 0.000000
0.007508 -0.986183 0.165492 0.000000
-0.057716 -0.165648 -0.984495 0.000000
0.029986 -0.095676 0.059926 1.000000
0.998538 0.003259 -0.053960 0.000000
0.011413 -0.988391 0.151503 0.000000
-0.052840 -0.151897 -0.986983 0.000000
0.028422 -0.106809 0.064389 1.000000
-0.008312 0.986266 -0.164954 0.000000
-0.999168 -0.001606 0.040750 0.000000
0.039925 0.165155 0.985459 0.000000
0.037237 -0.077270 0.061431 1.000000
2146.714496
