3
0.970350 0.136033 0.199788 0.000000
0.112185 -0.985636 0.126239 0.000000
0.214091 -0.100083 -0.971673 0.000000
0.423747 -0.091967 0.102639 1.000000
0.968725 0.141116 0.204103 0.000000
0.119728 -0.986280 0.113649 0.000000
0.217340 -0.085658 -0.972330 0.000000
0.422790 -0.103503 0.106148 1.000000
-0.113101 0.985572 -0.125922 0.000000
-0.966289 -0.138609 -0.216964 0.000000
-0.231288 0.097139 0.968024 0.000000
0.427585 -0.072913 0.106616 1.000000
2163.437819
