3
0.998970 -0.004322 -0.045180 0.000000
0.002164 -0.989789 0.142523 0.000000
-0.045334 -0.142474 -0.988760 0.000000
-0.005803 -0.001835 -0.027560 1.000000
0.999165 0.000997 -0.040849 0.000000
0.006245 -0.991685 0.128539 0.000000
-0.040381 -0.128686 -0.990863 0.000000
-0.007461 -0.013064 -0.023379 1.000000
-0.002975 0.989863 -0.141994 0.000000
-0.999617 0.000965 0.027674 0.000000
0.027531 0.142022 0.989481 0.000000
0.001486 0.016505 -0.025532 1.000000
2143.408829
