3
0.961808 -0.048788 0.269342 0.000000
-0.025850 -0.995779 -0.088064 0.000000
0.272501 0.077738 -0.959010 0.000000
0.219618 0.051455 0.036199 1.000000
0.960530 -0.044552 0.274587 0.000000
-0.017520 -0.994821 -0.100126 0.000000
0.277625 0.091363 -0.956335 0.000000
0.216916 0.039694 0.037043 1.000000
0.024912 0.995781 0.088315 0.000000
-0.956821 0.049343 -0.286458 0.000000
-0.289607 -0.077366 0.954014 0.000000
0.225569 0.068496 0.044432 1.000000
2156.110798
