3
0.999066 -0.010368 -0.041956 0.000000
-0.004053 -0.988999 0.147869 0.000000
-0.043028 -0.147561 -0.988117 0.000000
-0.001281 -0.002865 -0.013240 1.000000
0.999278 -0.005026 -0.037654 0.000000
0.000061 -0.990994 0.133908 0.000000
-0.037987 -0.133814 -0.990278 0.000000
-0.003018 -0.014061 -0.009004 1.000000
0.003241 0.989080 -0.147343 0.000000
-0.999677 0.006920 0.024467 0.000000
0.025220 0.147216 0.988783 0.000000
0.006108 0.015443 -0.011288 1.000000
2142.741018
