3
0.909794 -0.026592 0.414207 0.000000
-0.034462 -0.999339 0.011538 0.000000
0.413627 -0.024771 -0.910109 0.000000
0.319395 0.002286 0.037051 1.000000
0.907844 -0.021822 0.418739 0.000000
-0.024412 -0.999702 0.000828 0.000000
0.418596 -0.010974 -0.908106 0.000000
0.316340 -0.009304 0.038680 1.000000
0.033497 0.999373 -0.011431 0.000000
-0.902308 0.025321 -0.430347 0.000000
-0.429788 0.024730 0.902591 0.000000
0.324433 0.020056 0.044295 1.000000
2160.259422
