3
0.986683 -0.009863 0.162355 0.000000
-0.031643 -0.990729 0.132114 0.000000
0.159547 -0.135492 -0.977848 0.000000
0.309877 -0.073237 0.201008 1.000000
0.986001 -0.004575 0.166675 0.000000
-0.024765 -0.992554 0.119262 0.000000
0.164888 -0.121720 -0.978773 0.000000
0.307341 -0.084483 0.204668 1.000000
0.030740 0.990804 -0.131764 0.000000
-0.983710 0.006630 -0.179642 0.000000
-0.177117 0.135139 0.974868 0.000000
0.316668 -0.054953 0.204644 1.000000
2180.095466
