3
0.997610 -0.019447 -0.066308 0.000000
-0.021910 -0.999089 -0.036620 0.000000
-0.065536 0.037985 -0.997127 0.000000
0.027330 0.017821 0.037980 1.000000
0.998019 -0.014996 -0.061102 0.000000
-0.018114 -0.998545 -0.050801 0.000000
-0.060251 0.051808 -0.996838 0.000000
0.025442 0.006067 0.040123 1.000000
0.021110 0.999086 0.037171 0.000000
-0.998637 0.019296 0.048502 0.000000
0.047741 -0.038144 0.998131 0.000000
0.035139 0.035327 0.043097 1.000000
2149.854399
