3
0.999919 -0.011003 0.006475 0.000000
-0.011392 -0.997913 0.063558 0.000000
0.005762 -0.063627 -0.997957 0.000000
0.294328 -0.054945 0.202909 1.000000
0.999919 -0.006044 0.011218 0.000000
-0.006595 -0.998743 0.049698 0.000000
0.010903 -0.049768 -0.998701 0.000000
0.292384 -0.066451 0.206095 1.000000
0.010555 0.997953 -0.063067 0.000000
-0.999666 0.009044 -0.024201 0.000000
-0.023581 0.063302 0.997716 0.000000
0.301613 -0.036898 0.206759 1.000000
2177.117823
