3
0.999188 -0.003275 -0.040165 0.000000
0.003170 -0.987216 0.159356 0.000000
-0.040173 -0.159354 -0.986404 0.000000
-0.004594 -0.044134 -0.020823 1.000000
0.999352 0.002117 -0.035924 0.000000
0.007324 -0.989342 0.145426 0.000000
-0.035234 -0.145595 -0.988717 0.000000
-0.006254 -0.055293 -0.016459 1.000000
-0.003984 0.987298 -0.158832 0.000000
-0.999742 -0.000380 0.022716 0.000000
0.022367 0.158882 0.987044 0.000000
0.002653 -0.025749 -0.019071 1.000000
2144.410550
