3
0.915730 -0.060532 0.397209 0.000000
-0.037113 -0.997103 -0.066392 0.000000
0.400077 0.046056 -0.915324 0.000000
0.300424 0.042674 0.043829 1.000000
0.913861 -0.056130 0.402129 0.000000
-0.027223 -0.996640 -0.077246 0.000000
0.405114 0.059645 -0.912319 0.000000
0.297360 0.030997 0.044589 1.000000
0.036149 0.997130 0.066516 0.000000
-0.908487 0.060520 -0.413508 0.000000
-0.416347 -0.045481 0.908068 0.000000
0.305618 0.059812 0.052368 1.000000
2158.252027
