3
0.992378 -0.023332 0.121001 0.000000
-0.014487 -0.997192 -0.073472 0.000000
0.122376 0.071159 -0.989930 0.000000
0.128716 0.044143 0.028609 1.000000
0.991804 -0.019057 0.126338 0.000000
-0.008101 -0.996204 -0.086666 0.000000
0.127510 0.084932 -0.988194 0.000000
0.126462 0.032337 0.029966 1.000000
0.013597 0.997176 0.073863 0.000000
-0.990052 0.023773 -0.138680 0.000000
-0.140044 -0.071243 0.987579 0.000000
0.135425 0.061423 0.035680 1.000000
2153.367348
