3
0.987896 0.154569 0.013060 0.000000
0.145632 -0.953171 0.265060 0.000000
0.053418 -0.259950 -0.964143 0.000000
0.367767 -0.156713 0.101781 1.000000
0.986926 0.160307 0.016696 0.000000
0.151019 -0.955955 0.251680 0.000000
0.056306 -0.245868 -0.967667 0.000000
0.367565 -0.167509 0.107232 1.000000
-0.146483 0.953170 -0.264592 0.000000
-0.986667 -0.159963 -0.030017 0.000000
-0.070936 0.256667 0.963893 0.000000
0.371928 -0.137315 0.101915 1.000000
2167.318789
