3
0.985396 -0.024588 0.168494 0.000000
-0.013588 -0.997719 -0.066127 0.000000
0.169736 0.062872 -0.983482 0.000000
0.159163 0.043174 0.022273 1.000000
0.984579 -0.020268 0.173763 0.000000
-0.006577 -0.996852 -0.079008 0.000000
0.174818 0.076647 -0.981613 0.000000
0.156816 0.031385 0.023615 1.000000
0.012681 0.997707 0.066475 0.000000
-0.982226 0.024880 -0.186044 0.000000
-0.187272 -0.062934 0.980290 0.000000
0.165573 0.060496 0.029519 1.000000
2154.404503
