3
0.996976 0.048505 -0.060711 0.000000
0.060195 -0.976145 0.208609 0.000000
-0.049144 -0.211633 -0.976113 0.000000
0.379345 -0.125121 0.113935 1.000000
0.996921 0.054109 -0.056751 0.000000
0.064208 -0.978755 0.194720 0.000000
-0.045009 -0.197765 -0.979216 0.000000
0.378379 -0.136115 0.118887 1.000000
-0.061003 0.976209 -0.208073 0.000000
-0.997643 -0.053074 0.043483 0.000000
0.031405 0.210236 0.977146 0.000000
0.385603 -0.106306 0.114611 1.000000
2168.790877
