3
0.912384 -0.043496 0.407017 0.000000
-0.027374 -0.998596 -0.045354 0.000000
0.408418 0.030239 -0.912294 0.000000
0.312709 0.031394 0.049046 1.000000
0.910428 -0.039007 0.411824 0.000000
-0.017385 -0.998273 -0.056122 0.000000
0.413302 0.043935 -0.909533 0.000000
0.309745 0.019708 0.050027 1.000000
0.026409 0.998617 0.045468 0.000000
-0.904985 0.043204 -0.423244 0.000000
-0.424622 -0.029970 0.904874 0.000000
0.317664 0.048758 0.057264 1.000000
2158.887711
