3
0.988001 -0.022062 0.152861 0.000000
-0.011553 -0.997529 -0.069300 0.000000
0.154012 0.066703 -0.985815 0.000000
0.149940 0.044379 0.025377 1.000000
0.987254 -0.017763 0.158156 0.000000
-0.004749 -0.996597 -0.082287 0.000000
0.159080 0.080487 -0.983979 0.000000
0.147651 0.032577 0.026716 1.000000
0.010652 0.997514 0.069662 0.000000
-0.985110 0.022424 -0.170457 0.000000
-0.171595 -0.066809 0.982900 0.000000
0.156410 0.061696 0.032580 1.000000
2154.036479
