3
0.999142 -0.003700 -0.041249 0.000000
0.002150 -0.990022 0.140895 0.000000
-0.041359 -0.140863 -0.989165 0.000000
-0.004844 -0.005154 -0.032999 1.000000
0.999317 0.001611 -0.036909 0.000000
0.006287 -0.991893 0.126924 0.000000
-0.036405 -0.127069 -0.991226 0.000000
-0.006513 -0.016390 -0.028842 1.000000
-0.002963 0.990095 -0.140369 0.000000
-0.999718 0.000373 0.023735 0.000000
0.023553 0.140400 0.989815 0.000000
0.002427 0.013187 -0.030911 1.000000
2143.709342
