3
0.987542 0.009223 -0.157084 0.000000
0.044788 -0.973464 0.224413 0.000000
-0.150846 -0.228652 -0.961750 0.000000
0.264666 -0.082565 0.284195 1.000000
0.988072 0.014901 -0.153268 0.000000
0.047343 -0.976497 0.210267 0.000000
-0.146532 -0.215015 -0.965555 0.000000
0.263787 -0.093414 0.289470 1.000000
-0.045537 0.973570 -0.223803 0.000000
-0.990036 -0.014099 0.140110 0.000000
0.133251 0.227954 0.964511 0.000000
0.271635 -0.063993 0.283832 1.000000
2172.638405
