3
0.944235 0.069645 0.321822 0.000000
0.053749 -0.996867 0.058028 0.000000
0.324855 -0.037494 -0.945020 0.000000
0.330333 -0.037184 0.043705 1.000000
0.942323 0.074465 0.326316 0.000000
0.062717 -0.996953 0.046392 0.000000
0.328776 -0.023251 -0.944122 0.000000
0.328467 -0.048886 0.046130 1.000000
-0.054699 0.996827 -0.057827 0.000000
-0.938253 -0.071125 -0.338559 0.000000
-0.341598 0.035737 0.939166 0.000000
0.334480 -0.018711 0.049634 1.000000
2161.530789
