3
0.997565 -0.025421 0.064951 0.000000
-0.019892 -0.996234 -0.084392 0.000000
0.066852 0.082895 -0.994313 0.000000
0.096200 0.044460 0.029572 1.000000
0.997296 -0.021209 0.070362 0.000000
-0.014254 -0.995093 -0.097910 0.000000
0.072093 0.096642 -0.992705 0.000000
0.094010 0.032640 0.030913 1.000000
0.019026 0.996214 0.084832 0.000000
-0.996231 0.026071 -0.082726 0.000000
-0.084624 -0.082939 0.992955 0.000000
0.103317 0.061650 0.036461 1.000000
2152.631298
