3
0.998587 -0.011441 -0.051897 0.000000
-0.009006 -0.998859 0.046900 0.000000
-0.052374 -0.046366 -0.997551 0.000000
0.023515 -0.018072 0.037661 1.000000
0.998870 -0.006565 -0.047077 0.000000
-0.005024 -0.999450 0.032772 0.000000
-0.047266 -0.032498 -0.998354 0.000000
0.021744 -0.029630 0.040756 1.000000
0.008199 0.998891 -0.046361 0.000000
-0.999369 0.009788 0.034155 0.000000
0.034570 0.046052 0.998341 0.000000
0.031035 -0.000096 0.041391 1.000000
2148.215020
