3
0.998252 -0.029604 0.051160 0.000000
-0.033698 -0.996136 0.081099 0.000000
0.048561 -0.082682 -0.995392 0.000000
0.659701 0.030360 0.305911 1.000000
0.998140 -0.024557 0.055807 0.000000
-0.028310 -0.997319 0.067484 0.000000
0.054001 -0.068938 -0.996158 0.000000
0.657393 0.018955 0.309216 1.000000
0.032841 0.996202 -0.080647 0.000000
-0.997255 0.027304 -0.068819 0.000000
-0.066356 0.082686 0.994364 0.000000
0.667161 0.048338 0.309753 1.000000
1906.221019
