3
0.997970 -0.006112 0.063399 0.000000
0.002719 -0.990391 -0.138268 0.000000
0.063635 0.138159 -0.988364 0.000000
0.152603 0.100658 -0.110815 1.000000
0.997612 -0.002207 0.069030 0.000000
0.008311 -0.988391 -0.151704 0.000000
0.068563 0.151916 -0.986013 0.000000
0.150685 0.088735 -0.110117 1.000000
-0.003583 0.990327 0.138706 0.000000
-0.996675 0.007755 -0.081112 0.000000
-0.081403 -0.138535 0.987006 0.000000
0.159336 0.117607 -0.103005 1.000000
1920.774687
