3
0.998758 -0.049281 0.007363 0.000000
-0.049690 -0.996042 0.073690 0.000000
0.003703 -0.073964 -0.997254 0.000000
0.601804 0.021801 0.168083 1.000000
0.998946 -0.044278 0.012056 0.000000
-0.044922 -0.997196 0.059842 0.000000
0.009372 -0.060321 -0.998135 0.000000
0.599418 0.010412 0.171385 1.000000
0.048855 0.996120 -0.073200 0.000000
-0.998574 0.047133 -0.025069 0.000000
-0.021521 0.074321 0.997002 0.000000
0.609774 0.039594 0.171755 1.000000
1908.128052
