3
0.999667 -0.019598 0.016760 0.000000
-0.020221 -0.999078 0.037875 0.000000
0.016002 -0.038201 -0.999142 0.000000
-0.000190 0.118148 -0.019161 1.000000
0.999657 -0.014762 0.021628 0.000000
-0.015281 -0.999594 0.024049 0.000000
0.021264 -0.024371 -0.999477 0.000000
-0.002262 0.106582 -0.016291 1.000000
0.019379 0.999113 -0.037392 0.000000
-0.999240 0.018089 -0.034527 0.000000
-0.033820 0.038033 0.998704 0.000000
0.007200 0.136029 -0.014773 1.000000
1869.987444
