3
0.896108 -0.011784 0.443680 0.000000
-0.134245 -0.960021 0.245639 0.000000
0.423047 -0.279681 -0.861864 0.000000
0.262343 -0.063250 0.249761 1.000000
0.894575 -0.005911 0.446879 0.000000
-0.124118 -0.963864 0.235715 0.000000
0.429338 -0.266330 -0.862982 0.000000
0.258121 -0.073779 0.253959 1.000000
0.133287 0.960169 -0.245581 0.000000
-0.888539 0.006007 -0.458762 0.000000
-0.439014 0.279355 0.853948 0.000000
0.269017 -0.044815 0.252797 1.000000
1936.867355
