3
0.843703 -0.019898 0.536442 0.000000
-0.135736 -0.974747 0.177326 0.000000
0.519366 -0.222425 -0.825097 0.000000
0.269779 -0.028926 0.245345 1.000000
0.841691 -0.014245 0.539771 0.000000
-0.124516 -0.977830 0.168358 0.000000
0.525406 -0.208916 -0.824805 0.000000
0.265397 -0.039753 0.248486 1.000000
0.134774 0.974873 -0.177364 0.000000
-0.834427 0.015128 -0.550910 0.000000
-0.534384 0.222246 0.815500 0.000000
0.275631 -0.010569 0.250078 1.000000
1935.796740
