3
0.998543 -0.030494 0.044521 0.000000
-0.032547 -0.998405 0.046143 0.000000
0.043043 -0.047525 -0.997942 0.000000
0.356367 0.044861 0.157457 1.000000
0.998453 -0.025614 0.049344 0.000000
-0.027235 -0.999102 0.032464 0.000000
0.048468 -0.033758 -0.998254 0.000000
0.354086 0.033345 0.160371 1.000000
0.031693 0.998453 -0.045684 0.000000
-0.997644 0.028818 -0.062255 0.000000
-0.060842 0.047549 0.997014 0.000000
0.363835 0.062699 0.161889 1.000000
1900.633756
