3
0.999956 -0.008194 0.004634 0.000000
-0.008985 -0.977628 0.210151 0.000000
0.002808 -0.210184 -0.977658 0.000000
-0.011415 -0.026729 -0.025482 1.000000
0.999960 -0.002589 0.008593 0.000000
-0.004228 -0.980485 0.196549 0.000000
0.007916 -0.196577 -0.980456 0.000000
-0.013324 -0.037642 -0.020626 1.000000
0.008149 0.977738 -0.209669 0.000000
-0.999754 0.003641 -0.021878 0.000000
-0.020627 0.209796 0.977528 0.000000
-0.004158 -0.008298 -0.024362 1.000000
1864.868557
