3
0.999802 -0.004556 0.019351 0.000000
-0.008518 -0.977687 0.209896 0.000000
0.017962 -0.210020 -0.977532 0.000000
-0.009600 -0.024849 -0.019281 1.000000
0.999728 0.001047 0.023310 0.000000
-0.003551 -0.980524 0.196365 0.000000
0.023062 -0.196395 -0.980254 0.000000
-0.011541 -0.035770 -0.014455 1.000000
0.007675 0.977794 -0.209427 0.000000
-0.999330 0.000007 -0.036590 0.000000
-0.035776 0.209567 0.977139 0.000000
-0.002428 -0.006392 -0.018052 1.000000
1865.203131
