3
0.999451 -0.021994 0.024787 0.000000
-0.023559 -0.997625 0.064730 0.000000
0.023304 -0.065279 -0.997595 0.000000
0.039178 0.026527 0.108681 1.000000
0.999419 -0.017027 0.029522 0.000000
-0.018518 -0.998529 0.050961 0.000000
0.028611 -0.051478 -0.998264 0.000000
0.037049 0.015049 0.111847 1.000000
0.022713 0.997675 -0.064255 0.000000
-0.998896 0.020003 -0.042503 0.000000
-0.041119 0.065150 0.997028 0.000000
0.046590 0.044500 0.112639 1.000000
1894.979585
