3
0.996208 -0.020300 0.084597 0.000000
0.002580 -0.965074 -0.261966 0.000000
0.086961 0.261191 -0.961362 0.000000
0.007997 0.117884 -0.000035 1.000000
0.995734 -0.017134 0.090667 0.000000
0.008489 -0.961431 -0.274914 0.000000
0.091880 0.274510 -0.957184 0.000000
0.006023 0.105981 -0.000889 1.000000
-0.003455 0.964960 0.262373 0.000000
-0.994498 0.024154 -0.101928 0.000000
-0.104694 -0.261282 0.959568 0.000000
0.014604 0.133672 0.010000 1.000000
1872.797796
