3
0.934716 -0.043979 -0.352665 0.000000
-0.064344 -0.996857 -0.046225 0.000000
-0.349523 0.065899 -0.934607 0.000000
0.360597 0.149826 0.285417 1.000000
0.936757 -0.039679 -0.347723 0.000000
-0.064790 -0.996040 -0.060886 0.000000
-0.343930 0.079564 -0.935618 0.000000
0.359024 0.138074 0.287809 1.000000
0.063737 0.996860 0.046983 0.000000
-0.940847 0.044323 0.335919 0.000000
0.332782 -0.065615 0.940718 0.000000
0.370122 0.166979 0.288360 1.000000
1946.264978
