3
0.980343 -0.017431 0.196529 0.000000
-0.050300 -0.985256 0.163524 0.000000
0.190781 -0.170195 -0.966766 0.000000
0.615959 0.015940 0.216864 1.000000
0.979590 -0.011993 0.200646 0.000000
-0.043016 -0.987600 0.150984 0.000000
0.196347 -0.156533 -0.967959 0.000000
0.613139 0.004857 0.220802 1.000000
0.049387 0.985355 -0.163208 0.000000
-0.976830 0.013582 -0.213587 0.000000
-0.208242 0.169975 0.963194 0.000000
0.622883 0.034244 0.220127 1.000000
1953.759275
