3
0.825144 -0.036414 0.563748 0.000000
-0.060471 -0.997880 0.024054 0.000000
0.561677 -0.053939 -0.825597 0.000000
0.547316 0.019932 -0.114431 1.000000
0.822570 -0.031503 0.567791 0.000000
-0.048758 -0.998695 0.015225 0.000000
0.566570 -0.040208 -0.823032 0.000000
0.543744 0.008449 -0.113132 1.000000
0.059503 0.997937 -0.024115 0.000000
-0.815056 0.034623 -0.578347 0.000000
-0.576319 0.054068 0.815434 0.000000
0.551483 0.037751 -0.106766 1.000000
1930.978967
