3
0.811914 -0.052728 0.581391 0.000000
0.052533 -0.985273 -0.162719 0.000000
0.581409 0.162657 -0.797187 0.000000
0.089026 0.105326 0.013525 1.000000
0.808715 -0.048969 0.586159 0.000000
0.064446 -0.983152 -0.171050 0.000000
0.584659 0.176107 -0.791934 0.000000
0.086752 0.093487 0.012536 1.000000
-0.053500 0.985236 0.162630 0.000000
-0.801383 0.054804 -0.595636 0.000000
-0.595755 -0.162196 0.786619 0.000000
0.090984 0.121731 0.024509 1.000000
1879.087654
