3
0.929062 -0.034539 0.368307 0.000000
0.011869 -0.992336 -0.122997 0.000000
0.369733 0.118643 -0.921532 0.000000
0.324002 0.104035 -0.074762 1.000000
0.927119 -0.030525 0.373523 0.000000
0.021394 -0.990741 -0.134067 0.000000
0.374157 0.132287 -0.917882 0.000000
0.321562 0.092189 -0.074597 1.000000
-0.012828 0.992305 0.123148 0.000000
-0.922317 0.035828 -0.384769 0.000000
-0.386220 -0.118517 0.914761 0.000000
0.328566 0.120914 -0.065387 1.000000
1925.057146
