3
0.862701 -0.055786 0.502627 0.000000
0.043480 -0.982034 -0.183624 0.000000
0.503841 0.180267 -0.844777 0.000000
0.072292 0.112808 -0.012233 1.000000
0.859935 -0.052131 0.507734 0.000000
0.054555 -0.979684 -0.192986 0.000000
0.507479 0.193655 -0.839620 0.000000
0.070012 0.100969 -0.013208 1.000000
-0.044451 0.981991 0.183624 0.000000
-0.853552 0.058178 -0.517750 0.000000
-0.519109 -0.179747 0.835594 0.000000
0.075157 0.129047 -0.001201 1.000000
1877.381371
