3
0.997545 -0.000611 -0.070029 0.000000
0.000205 -0.999932 0.011642 0.000000
-0.070032 -0.011627 -0.997477 0.000000
0.091684 0.011737 -0.129478 1.000000
0.997874 0.004095 -0.065046 0.000000
0.003936 -0.999989 -0.002567 0.000000
-0.065055 0.002306 -0.997879 0.000000
0.090066 0.000062 -0.126762 1.000000
-0.001003 0.999938 -0.011087 0.000000
-0.998634 -0.000422 0.052256 0.000000
0.052248 0.011125 0.998572 0.000000
0.099120 0.029638 -0.125247 1.000000
1918.265424
