3
0.999944 -0.007437 -0.007554 0.000000
-0.005635 -0.976490 0.215488 0.000000
-0.008979 -0.215433 -0.976477 0.000000
-0.014295 -0.026745 -0.023288 1.000000
0.999992 -0.001812 -0.003625 0.000000
-0.001043 -0.979417 0.201843 0.000000
-0.003916 -0.201838 -0.979411 0.000000
-0.016136 -0.037633 -0.018351 1.000000
0.004805 0.976603 -0.214996 0.000000
-0.999949 0.002792 -0.009667 0.000000
-0.008840 0.215032 0.976567 0.000000
-0.007040 -0.008303 -0.022356 1.000000
1864.232898
