3
0.924078 -0.008169 0.382116 0.000000
-0.125397 -0.950910 0.282923 0.000000
0.361047 -0.309359 -0.879740 0.000000
0.108615 0.003326 0.110798 1.000000
0.922816 -0.002188 0.385234 0.000000
-0.116002 -0.955150 0.272455 0.000000
0.367360 -0.296114 -0.881682 0.000000
0.104598 -0.007030 0.115587 1.000000
0.124447 0.951070 -0.282804 0.000000
-0.917602 0.001871 -0.397495 0.000000
-0.377517 0.308969 0.872937 0.000000
0.115637 0.021771 0.112820 1.000000
1887.284537
