3
0.917811 -0.037395 0.395254 0.000000
0.011447 -0.992648 -0.120494 0.000000
0.396854 0.115115 -0.910635 0.000000
0.339646 0.103342 -0.066265 1.000000
0.915732 -0.033362 0.400402 0.000000
0.021296 -0.991116 -0.131286 0.000000
0.401225 0.128750 -0.906886 0.000000
0.337154 0.091506 -0.066146 1.000000
-0.012410 0.992622 0.120617 0.000000
-0.910585 0.038620 -0.411514 0.000000
-0.413136 -0.114939 0.903387 0.000000
0.344004 0.120223 -0.056797 1.000000
1925.558991
