3
0.992053 -0.025043 0.123302 0.000000
-0.059927 -0.955743 0.288036 0.000000
0.110632 -0.293136 -0.949648 0.000000
0.048284 0.000412 0.099712 1.000000
0.991750 -0.019122 0.126755 0.000000
-0.053702 -0.959836 0.275374 0.000000
0.116399 -0.279909 -0.952944 0.000000
0.045528 -0.010010 0.105198 1.000000
0.059044 0.955909 -0.287667 0.000000
-0.989974 0.019028 -0.139964 0.000000
-0.128319 0.293046 0.947448 0.000000
0.055860 0.018743 0.100148 1.000000
1891.165511
