3
0.998253 -0.023374 0.054269 0.000000
-0.026182 -0.998323 0.051628 0.000000
0.052971 -0.052958 -0.997191 0.000000
0.471391 0.042647 0.168859 1.000000
0.998083 -0.018467 0.059062 0.000000
-0.020734 -0.999062 0.038005 0.000000
0.058305 -0.039156 -0.997531 0.000000
0.469160 0.031133 0.171818 1.000000
0.025323 0.998369 -0.051177 0.000000
-0.997172 0.021602 -0.071984 0.000000
-0.070761 0.052855 0.996092 0.000000
0.478694 0.060561 0.173258 1.000000
1902.038935
