3
0.996086 -0.030296 -0.083036 0.000000
-0.025809 -0.998175 0.054586 0.000000
-0.084538 -0.052229 -0.995050 0.000000
0.306896 0.123501 0.269511 1.000000
0.996609 -0.025393 -0.078264 0.000000
-0.022284 -0.998937 0.040345 0.000000
-0.079205 -0.038464 -0.996116 0.000000
0.305012 0.112000 0.272746 1.000000
0.025020 0.998226 -0.054022 0.000000
-0.997455 0.028537 0.065340 0.000000
0.066766 0.052250 0.996400 0.000000
0.314858 0.141360 0.272871 1.000000
1944.592141
