3
0.770857 -0.007157 0.636968 0.000000
-0.114681 -0.985158 0.127718 0.000000
0.626601 -0.171500 -0.760236 0.000000
0.139853 0.037748 0.080811 1.000000
0.768208 -0.001712 0.640198 0.000000
-0.102315 -0.987472 0.120132 0.000000
0.631972 -0.157788 -0.758759 0.000000
0.135585 0.026650 0.083031 1.000000
0.113726 0.985249 -0.127872 0.000000
-0.759665 0.003286 -0.650306 0.000000
-0.640293 0.171096 0.748833 0.000000
0.144280 0.056129 0.086823 1.000000
1883.236286
