3
0.996710 -0.020269 0.078481 0.000000
-0.040838 -0.961936 0.270205 0.000000
0.070017 -0.272521 -0.959599 0.000000
0.031217 0.002853 0.096346 1.000000
0.996522 -0.014422 0.082069 0.000000
-0.035158 -0.965719 0.257196 0.000000
0.075546 -0.259187 -0.962868 0.000000
0.028776 -0.007701 0.101728 1.000000
0.039971 0.962088 -0.269794 0.000000
-0.995337 0.014616 -0.095342 0.000000
-0.087784 0.272347 0.958186 0.000000
0.038687 0.021226 0.096830 1.000000
1891.901554
