3
0.903050 -0.041807 0.427497 0.000000
0.046048 -0.980094 -0.193121 0.000000
0.427061 0.194083 -0.883148 0.000000
0.058940 0.114376 -0.015773 1.000000
0.900658 -0.038232 0.432843 0.000000
0.056244 -0.977485 -0.203370 0.000000
0.430873 0.207512 -0.878230 0.000000
0.056806 0.102500 -0.016630 1.000000
-0.047014 0.980032 0.193203 0.000000
-0.895259 0.044449 -0.443323 0.000000
-0.443058 -0.193809 0.875293 0.000000
0.062426 0.130611 -0.004915 1.000000
1876.076551
