3
0.999855 -0.017014 -0.000529 0.000000
-0.016523 -0.977514 0.210224 0.000000
-0.004094 -0.210185 -0.977653 0.000000
-0.004882 -0.021925 -0.008211 1.000000
0.999929 -0.011410 0.003431 0.000000
-0.011862 -0.980412 0.196598 0.000000
0.001120 -0.196624 -0.980478 0.000000
-0.006862 -0.032821 -0.003345 1.000000
0.015691 0.977632 -0.209738 0.000000
-0.999783 0.012460 -0.016716 0.000000
-0.013729 0.209955 0.977615 0.000000
0.002543 -0.003559 -0.007129 1.000000
1862.593508
