3
0.945690 -0.020434 0.324427 0.000000
0.017659 -0.993319 -0.114042 0.000000
0.324590 0.113577 -0.939011 0.000000
0.294437 0.099958 -0.085761 1.000000
0.943947 -0.016391 0.329690 0.000000
0.026634 -0.991728 -0.125563 0.000000
0.329021 0.127306 -0.935702 0.000000
0.292146 0.088088 -0.085369 1.000000
-0.018610 0.993279 0.114238 0.000000
-0.939742 0.021635 -0.341199 0.000000
-0.341377 -0.113704 0.933024 0.000000
0.299240 0.116980 -0.076771 1.000000
1923.953060
