3
0.999948 -0.004974 0.008906 0.000000
-0.006752 -0.977157 0.212410 0.000000
0.007646 -0.212460 -0.977140 0.000000
-0.011535 -0.024342 -0.016835 1.000000
0.999917 0.000640 0.012852 0.000000
-0.001928 -0.980031 0.198835 0.000000
0.012722 -0.198843 -0.979949 0.000000
-0.013430 -0.035249 -0.011961 1.000000
0.005914 0.977266 -0.211932 0.000000
-0.999658 0.000381 -0.026138 0.000000
-0.025463 0.212014 0.976935 0.000000
-0.004342 -0.005886 -0.015727 1.000000
1865.504247
