3
0.757236 -0.039856 0.651924 0.000000
-0.029322 -0.999205 -0.027028 0.000000
0.652483 0.001351 -0.757802 0.000000
0.119541 0.082540 0.033733 1.000000
0.754060 -0.035218 0.655861 0.000000
-0.016670 -0.999266 -0.034493 0.000000
0.656594 0.015077 -0.754094 0.000000
0.116233 0.070911 0.034109 1.000000
0.028366 0.999237 0.026860 0.000000
-0.745515 0.039048 -0.665344 0.000000
-0.665885 -0.001152 0.746053 0.000000
0.122220 0.100084 0.042601 1.000000
1881.061592
