3
0.999661 -0.019969 0.016730 0.000000
-0.019840 -0.999772 -0.007896 0.000000
0.016884 0.007562 -0.999829 0.000000
0.038153 0.032538 0.111087 1.000000
0.999644 -0.015361 0.021814 0.000000
-0.014887 -0.999653 -0.021727 0.000000
0.022141 0.021394 -0.999526 0.000000
0.036083 0.020852 0.113424 1.000000
0.018997 0.999784 0.008379 0.000000
-0.999217 0.019276 -0.034547 0.000000
-0.034701 -0.007716 0.999368 0.000000
0.045532 0.050203 0.116295 1.000000
1895.749088
