3
0.973739 -0.042610 0.223643 0.000000
-0.051998 -0.997989 0.036257 0.000000
0.221648 -0.046934 -0.973997 0.000000
0.618415 0.111132 0.214535 1.000000
0.972839 -0.037734 0.228387 0.000000
-0.044316 -0.998735 0.023757 0.000000
0.227201 -0.033233 -0.973281 0.000000
0.615512 0.099642 0.216953 1.000000
0.051075 0.998047 -0.035960 0.000000
-0.969678 0.040943 -0.240930 0.000000
-0.238988 0.047175 0.969876 0.000000
0.625170 0.128874 0.220299 1.000000
1951.484206
