3
0.987781 -0.011973 0.155390 0.000000
0.008863 -0.991116 -0.132704 0.000000
0.155599 0.132459 -0.978899 0.000000
0.212626 0.105330 -0.102000 1.000000
0.986931 -0.008035 0.160946 0.000000
0.015686 -0.989223 -0.145575 0.000000
0.160381 0.146197 -0.976168 0.000000
0.210572 0.093424 -0.101425 1.000000
-0.009765 0.991060 0.133060 0.000000
-0.984844 0.013512 -0.172916 0.000000
-0.173168 -0.132732 0.975907 0.000000
0.218722 0.122279 -0.093682 1.000000
1921.744997
