3
0.999974 -0.007117 0.001147 0.000000
-0.006641 -0.971352 -0.237552 0.000000
0.002805 0.237538 -0.971374 0.000000
-0.002670 0.119078 0.004958 1.000000
0.999967 -0.003803 0.007156 0.000000
-0.001884 -0.967976 -0.251035 0.000000
0.007881 0.251014 -0.967951 0.000000
-0.004552 0.107136 0.004564 1.000000
0.005805 0.971240 0.238034 0.000000
-0.999770 0.010546 -0.018650 0.000000
-0.020624 -0.237871 0.971078 0.000000
0.004545 0.135189 0.014013 1.000000
1871.392613
