3
0.998374 -0.026093 0.050675 0.000000
-0.036151 -0.977238 0.209044 0.000000
0.044067 -0.210536 -0.976592 0.000000
0.031807 0.008183 0.099638 1.000000
0.998296 -0.020488 0.054633 0.000000
-0.030825 -0.980184 0.195674 0.000000
0.049542 -0.197025 -0.979146 0.000000
0.029482 -0.002692 0.104395 1.000000
0.035296 0.977364 -0.208601 0.000000
-0.997460 0.021531 -0.067894 0.000000
-0.061866 0.210468 0.975641 0.000000
0.039334 0.026482 0.101100 1.000000
1892.938710
