3
0.998273 -0.022406 0.054307 0.000000
-0.027623 -0.994873 0.097287 0.000000
0.051849 -0.098619 -0.993774 0.000000
-0.006162 0.048716 0.308041 1.000000
0.998116 -0.017285 0.058871 0.000000
-0.022190 -0.996243 0.083706 0.000000
0.057203 -0.084855 -0.994750 0.000000
-0.008407 0.037353 0.311527 1.000000
0.026764 0.994940 -0.096838 0.000000
-0.997213 0.019825 -0.071923 0.000000
-0.069640 0.098493 0.992698 0.000000
0.001173 0.066802 0.311609 1.000000
1942.685112
