3
0.999596 0.000407 -0.028405 0.000000
-0.002102 -0.996096 -0.088253 0.000000
-0.028330 0.088277 -0.995693 0.000000
0.109410 0.069265 -0.111962 1.000000
0.999726 0.004591 -0.022967 0.000000
0.002219 -0.994758 -0.102230 0.000000
-0.023316 0.102151 -0.994496 0.000000
0.107659 0.057387 -0.110495 1.000000
0.001282 0.996051 0.088771 0.000000
-0.999944 0.000343 0.010588 0.000000
0.010515 -0.088780 0.995996 0.000000
0.116696 0.086610 -0.105661 1.000000
1919.737535
