3
0.874055 -0.009480 0.485735 0.000000
-0.158840 -0.950438 0.267277 0.000000
0.459127 -0.310769 -0.832241 0.000000
0.140329 0.005812 0.112799 1.000000
0.872454 -0.003494 0.488683 0.000000
-0.148313 -0.954704 0.257960 0.000000
0.465646 -0.297537 -0.833454 0.000000
0.135770 -0.004532 0.117101 1.000000
0.157883 0.950600 -0.267268 0.000000
-0.865867 0.003157 -0.500264 0.000000
-0.474707 0.310402 0.823592 0.000000
0.147107 0.024246 0.115601 1.000000
1886.046643
