3
0.944234 -0.005239 0.329234 0.000000
-0.107087 -0.950404 0.292000 0.000000
0.311375 -0.310973 -0.897965 0.000000
0.097128 0.001365 0.101533 1.000000
0.943137 0.000748 0.332403 0.000000
-0.098290 -0.954653 0.281029 0.000000
0.317539 -0.297720 -0.900295 0.000000
0.093412 -0.008986 0.106567 1.000000
0.106145 0.950563 -0.291828 0.000000
-0.938625 -0.001087 -0.344939 0.000000
-0.328203 0.310531 0.892106 0.000000
0.104212 0.019830 0.103106 1.000000
1888.221324
