3
0.996683 -0.034716 -0.073603 0.000000
-0.038319 -0.998106 -0.048124 0.000000
-0.071793 0.050785 -0.996126 0.000000
0.445164 0.149374 0.242420 1.000000
0.997200 -0.030333 -0.068349 0.000000
-0.034613 -0.997456 -0.062324 0.000000
-0.066284 0.064516 -0.995713 0.000000
0.443101 0.137627 0.244439 1.000000
0.037523 0.998109 0.048680 0.000000
-0.997835 0.034791 0.055805 0.000000
0.054006 -0.050669 0.997254 0.000000
0.453290 0.166690 0.247685 1.000000
1947.937797
