3
0.999850 -0.016778 -0.004240 0.000000
-0.015685 -0.982116 0.187624 0.000000
-0.007312 -0.187530 -0.982232 0.000000
-0.004539 -0.020179 0.001838 1.000000
0.999937 -0.011267 -0.000152 0.000000
-0.011069 -0.984698 0.173919 0.000000
-0.002110 -0.173906 -0.984760 0.000000
-0.006502 -0.031185 0.006458 1.000000
0.014854 0.982222 -0.187132 0.000000
-0.999834 0.012624 -0.013106 0.000000
-0.010511 0.187296 0.982247 0.000000
0.002886 -0.001842 0.003320 1.000000
1861.389064
