3
0.999877 -0.014740 -0.005410 0.000000
-0.014376 -0.997963 0.062158 0.000000
-0.006315 -0.062073 -0.998052 0.000000
-0.007762 0.116894 -0.023935 1.000000
0.999952 -0.009789 -0.000660 0.000000
-0.009746 -0.998788 0.048241 0.000000
-0.001131 -0.048232 -0.998836 0.000000
-0.009711 0.105391 -0.020743 1.000000
0.013544 0.998005 -0.061658 0.000000
-0.999842 0.012808 -0.012321 0.000000
-0.011507 0.061815 0.998021 0.000000
-0.000364 0.134909 -0.020143 1.000000
1868.113861
