3
0.963846 -0.015854 0.265986 0.000000
0.016523 -0.992751 -0.119045 0.000000
0.265945 0.119136 -0.956598 0.000000
0.269894 0.100618 -0.095572 1.000000
0.962404 -0.011842 0.271363 0.000000
0.024767 -0.991062 -0.131086 0.000000
0.270490 0.132879 -0.953509 0.000000
0.267702 0.088732 -0.095091 1.000000
-0.017459 0.992705 0.119298 0.000000
-0.958941 0.017154 -0.283085 0.000000
-0.283067 -0.119342 0.951646 0.000000
0.275137 0.117634 -0.086821 1.000000
1923.283940
