3
0.981281 -0.010930 0.192273 0.000000
0.013534 -0.992006 -0.125466 0.000000
0.192107 0.125719 -0.973288 0.000000
0.236902 0.103671 -0.103970 1.000000
0.980225 -0.006955 0.197765 0.000000
0.020834 -0.990201 -0.138086 0.000000
0.196788 0.139476 -0.970475 0.000000
0.234824 0.091769 -0.103390 1.000000
-0.014449 0.991952 0.125789 0.000000
-0.977691 0.012349 -0.209686 0.000000
-0.209552 -0.126012 0.969644 0.000000
0.242687 0.120677 -0.095546 1.000000
1922.414055
