3
0.999713 -0.006082 0.023175 0.000000
-0.010499 -0.980643 0.195524 0.000000
0.021537 -0.195711 -0.980425 0.000000
-0.005503 0.026874 -0.025715 1.000000
0.999629 -0.000537 0.027216 0.000000
-0.005483 -0.983288 0.181972 0.000000
0.026663 -0.182054 -0.982927 0.000000
-0.007476 0.015887 -0.021056 1.000000
0.009654 0.980745 -0.195056 0.000000
-0.999179 0.001785 -0.040477 0.000000
-0.039350 0.195287 0.979956 0.000000
0.001686 0.045302 -0.024188 1.000000
1866.842507
