3
0.812151 -0.020316 0.583093 0.000000
-0.092322 -0.991277 0.094052 0.000000
0.576096 -0.130217 -0.806943 0.000000
0.323272 -0.004146 0.097562 1.000000
0.809653 -0.015051 0.586716 0.000000
-0.080466 -0.993078 0.085566 0.000000
0.581367 -0.116489 -0.805259 0.000000
0.319315 -0.015393 0.099599 1.000000
0.091358 0.991359 -0.094138 0.000000
-0.801834 0.017174 -0.597300 0.000000
-0.590521 0.130051 0.796474 0.000000
0.327843 0.014047 0.104023 1.000000
1934.090451
