3
0.778290 -0.034496 0.626956 0.000000
0.064162 -0.988894 -0.134059 0.000000
0.624618 0.144564 -0.767433 0.000000
0.125379 0.103999 0.030554 1.000000
0.774820 -0.030629 0.631439 0.000000
0.076516 -0.986939 -0.141764 0.000000
0.627534 0.158157 -0.762357 0.000000
0.123196 0.092129 0.029746 1.000000
-0.065122 0.988851 0.133917 0.000000
-0.766985 0.036249 -0.640640 0.000000
-0.638352 -0.144432 0.756073 0.000000
0.126677 0.120688 0.041203 1.000000
1879.990985
