3
0.896408 -0.040410 0.441384 0.000000
0.011806 -0.993305 -0.114917 0.000000
0.443073 0.108224 -0.889929 0.000000
0.377261 0.100888 -0.069360 1.000000
0.894095 -0.036340 0.446401 0.000000
0.022197 -0.991883 -0.125204 0.000000
0.447327 0.121853 -0.886031 0.000000
0.374699 0.089067 -0.069310 1.000000
-0.012774 0.993284 0.114991 0.000000
-0.888362 0.041512 -0.457264 0.000000
-0.458967 -0.107995 0.881866 0.000000
0.381232 0.117794 -0.059766 1.000000
1926.328486
