3
0.998345 -0.028414 0.050005 0.000000
-0.037241 -0.981929 0.185550 0.000000
0.043829 -0.187105 -0.981362 0.000000
-0.003128 -0.028400 0.309321 1.000000
0.998273 -0.022906 0.054096 0.000000
-0.031918 -0.984560 0.172113 0.000000
0.049319 -0.173542 -0.983591 0.000000
-0.005465 -0.039383 0.313816 1.000000
0.036386 0.982045 -0.185104 0.000000
-0.997436 0.024265 -0.067328 0.000000
-0.061628 0.187079 0.980410 0.000000
0.004419 -0.010150 0.311221 1.000000
1941.351917
