3
0.996308 -0.061515 -0.059892 0.000000
-0.027053 -0.886985 0.461004 0.000000
-0.081482 -0.457682 -0.885374 0.000000
0.000926 -0.013951 -0.460706 1.000000
0.996821 -0.055081 -0.057563 0.000000
-0.023484 -0.893547 0.448354 0.000000
-0.076131 -0.445577 -0.892000 0.000000
-0.000980 -0.023098 -0.453025 1.000000
0.026262 0.887264 -0.460514 0.000000
-0.997623 0.052619 0.044489 0.000000
0.063705 0.458251 0.886537 0.000000
0.008897 0.003708 -0.464979 1.000000
4084.474351
