3
0.823617012507 0.0133956598322 0.566988159494 0.0
-0.319736263831 -0.814738967714 0.483703562195 0.0
0.468426876151 -0.579673158587 -0.666749796335 0.0
-0.515529514981 -0.0426747750667 -0.858954573891 1.0
0.803300 0.012418 0.595445 0.000000
-0.338103 -0.813554 0.473092 0.000000
0.490302 -0.581357 -0.649329 0.000000
-0.503017 -0.049204 -0.815116 1.000000
0.347722 0.805711 -0.479498 0.000000
-0.795711 -0.016906 -0.605440 0.000000
-0.495916 0.592067 0.635235 0.000000
-0.486750 -0.023874 -0.822380 1.000000
4092.035586