3
0.991584 -0.057331 -0.116078 0.000000
-0.009172 -0.925460 0.378733 0.000000
-0.129139 -0.374481 -0.918198 0.000000
0.148370 -0.263779 -0.341239 1.000000
0.992255 -0.051138 -0.113200 0.000000
-0.006291 -0.930841 0.365370 0.000000
-0.124055 -0.361829 -0.923954 0.000000
0.146799 -0.273589 -0.334339 1.000000
0.008409 0.925694 -0.378180 0.000000
-0.993735 0.049886 0.100014 0.000000
0.111448 0.374970 0.920314 0.000000
0.156224 -0.245815 -0.344280 1.000000
4074.303518
