3
0.991539577452 -0.0649362764519 0.112394601053 0.0
-0.107934626208 -0.893450393417 0.436000585973 0.0
0.072106745945 -0.444443106037 -0.892900298289 0.0
0.167868485918 -0.242015433141 -0.111702746171 1.0
0.993038 -0.070366 0.094472 0.000000
-0.104049 -0.899956 0.423382 0.000000
0.055229 -0.430264 -0.901012 0.000000
0.122101 -0.241727 -0.144640 1.000000
0.108569 0.893820 -0.435086 0.000000
-0.991862 0.068122 -0.107556 0.000000
-0.066497 0.443222 0.893942 0.000000
0.134057 -0.214902 -0.154461 1.000000
4071.660437