3
0.848957370791 0.0196658622882 0.52809529106 0.0
-0.299282166657 -0.805717677984 0.511125432849 0.0
0.435547434041 -0.591973206525 -0.678134319627 0.0
-0.51801583507 -0.043513449342 -0.869877485283 1.0
0.831955 0.012617 0.554699 0.000000
-0.318785 -0.807388 0.496489 0.000000
0.454122 -0.589886 -0.667688 0.000000
-0.499208 -0.053746 -0.821989 1.000000
0.328029 0.799432 -0.503295 0.000000
-0.824898 -0.017238 -0.565019 0.000000
-0.460369 0.600509 0.653796 0.000000
-0.483178 -0.028579 -0.830276 1.000000
4090.061611