3
0.999733730082 0.0230265449252 -0.00149905445572 0.0
0.0214378822941 -0.902796298077 0.429533772108 0.0
0.00853733788708 -0.429451536739 -0.903049550941 0.0
0.0280364071981 0.00253119278561 0.10230039093 1.0
0.999993 -0.001849 -0.003155 0.000000
-0.000338 -0.905901 0.423490 0.000000
-0.003641 -0.423486 -0.905895 0.000000
-0.015761 -0.025200 0.000362 1.000000
0.004104 0.900116 -0.435632 0.000000
-0.999950 -0.000281 -0.010001 0.000000
-0.009124 0.435651 0.900069 0.000000
-0.006686 0.002408 -0.010336 1.000000
4047.303969