3
0.864619 0.027332 0.501683 0.000000
-0.127169 -0.954100 0.271147 0.000000
0.486067 -0.298237 -0.821458 0.000000
-0.085361 0.029364 0.092973 1.000000
0.862736 0.033271 0.504559 0.000000
-0.116314 -0.958018 0.262055 0.000000
0.492095 -0.284772 -0.822646 0.000000
-0.089599 0.018879 0.097266 1.000000
0.126205 0.954225 -0.271157 0.000000
-0.855927 -0.033429 -0.516015 0.000000
-0.501459 0.297214 0.812528 0.000000
-0.079349 0.048063 0.095766 1.000000
4056.002717
