3
0.99973896771 0.0225003800016 -0.00396602350032 0.0
0.0221471761928 -0.91175122116 0.410145356308 0.0
0.00561239960327 -0.410126131347 -0.91201154453 0.0
0.035029276006 0.00951108625215 0.11145006347 1.0
0.999998 -0.001997 -0.000802 0.000000
-0.001502 -0.914701 0.404128 0.000000
-0.001541 -0.404126 -0.914702 0.000000
-0.023701 -0.013318 0.013665 1.000000
0.005296 0.909175 -0.416380 0.000000
-0.999923 0.000148 -0.012397 0.000000
-0.011209 0.416414 0.909106 0.000000
-0.014596 0.014509 0.003578 1.000000
4048.742610