3
0.979105476293 -0.00874967519549 0.203164734825 0.0
-0.0876837510306 -0.919590857244 0.382967642339 0.0
0.183477590179 -0.392779961883 -0.901143648618 0.0
-0.207195576157 -0.208562386034 0.173787799122 1.0
0.976842 -0.031411 0.211643 0.000000
-0.108246 -0.925788 0.362215 0.000000
0.184559 -0.376736 -0.907749 0.000000
-0.220644 -0.209224 0.066091 1.000000
0.114442 0.920516 -0.373568 0.000000
-0.973995 0.029950 -0.224581 0.000000
-0.195542 0.389555 0.900006 0.000000
-0.208974 -0.181391 0.059152 1.000000
4067.980208