3
0.874447120039 0.0611934914223 0.481245873607 0.0
-0.0356884615965 -0.981209750688 0.189614764361 0.0
0.483806333118 -0.182983009491 -0.855832139074 0.0
-0.0327087912658 0.0971094752158 0.230382631255 1.0
0.870373 0.039531 0.490803 0.000000
-0.056981 -0.981989 0.180141 0.000000
0.489085 -0.184756 -0.852444 0.000000
-0.077911 0.062953 0.115778 1.000000
0.066866 0.979562 -0.189704 0.000000
-0.863818 -0.038319 -0.502344 0.000000
-0.499347 0.197459 0.843601 0.000000
-0.069339 0.092699 0.116634 1.000000
4057.207168