3
0.999934 -0.010303 -0.005056 0.000000
-0.007184 -0.905422 0.424452 0.000000
-0.008951 -0.424388 -0.905436 0.000000
-0.017843 -0.008951 0.001679 1.000000
0.999989 -0.003953 -0.002456 0.000000
-0.002591 -0.911277 0.411785 0.000000
-0.003866 -0.411775 -0.911278 0.000000
-0.019702 -0.018488 0.008883 1.000000
0.006353 0.905641 -0.423998 0.000000
-0.999940 0.001993 -0.010726 0.000000
-0.008869 0.424041 0.905600 0.000000
-0.010560 0.009236 -0.001452 1.000000
4048.374584
