3
0.997749704794 -0.0306925252326 -0.0596112026172 0.0
0.000430786933115 -0.886120497555 0.463454720804 0.0
-0.0670473042355 -0.462437490595 -0.884113242909 0.0
0.0299191314695 0.00474831697639 -0.460803563986 1.0
0.996821 -0.055081 -0.057563 0.000000
-0.023484 -0.893547 0.448354 0.000000
-0.076131 -0.445577 -0.892000 0.000000
-0.000980 -0.023098 -0.453025 1.000000
0.026262 0.887264 -0.460514 0.000000
-0.997623 0.052619 0.044489 0.000000
0.063705 0.458251 0.886537 0.000000
0.008897 0.003708 -0.464979 1.000000
4084.474351