3
0.974214508097 0.0254298270341 0.224186119353 0.0
-0.0595062158401 -0.929487748521 0.36402133952 0.0
0.217635251028 -0.367975337824 -0.904007216931 0.0
-0.281845833118 -0.216808892678 0.169790873646 1.0
0.974290 -0.000162 0.225297 0.000000
-0.082891 -0.930115 0.357792 0.000000
0.209494 -0.367268 -0.906215 0.000000
-0.266183 -0.188832 0.061007 1.000000
0.089414 0.925090 -0.369072 0.000000
-0.971216 -0.001159 -0.238198 0.000000
-0.220782 0.379747 0.898358 0.000000
-0.255335 -0.160608 0.054319 1.000000
4066.775767