3
0.900239434221 0.0415124189857 0.433411675134 0.0
-0.0188657043621 -0.990790317406 0.134084421667 0.0
0.434986259865 -0.12888470043 -0.89116535375 0.0
-0.0820022898725 0.128070185158 0.199310292453 1.0
0.901788 0.016608 0.431859 0.000000
-0.041909 -0.991192 0.125629 0.000000
0.430142 -0.131390 -0.893149 0.000000
-0.091426 0.090025 0.088814 1.000000
0.051124 0.989393 -0.135969 0.000000
-0.896041 -0.014680 -0.443729 0.000000
-0.441018 0.144519 0.885786 0.000000
-0.082894 0.119726 0.090830 1.000000
4058.311238