3
0.926153048445 0.0642595275181 0.371633211621 0.0
0.0179288333011 -0.991765420925 0.126806572359 0.0
0.376721498979 -0.110779343653 -0.919678666289 0.0
-0.0978488197309 0.141789997458 0.174746239319 1.0
0.926679 0.039912 0.373728 0.000000
-0.002719 -0.993608 0.112852 0.000000
0.375844 -0.105594 -0.920647 0.000000
-0.113852 0.093245 0.068249 1.000000
0.011303 0.992245 -0.123784 0.000000
-0.921769 -0.037642 -0.385909 0.000000
-0.387576 0.118462 0.914195 0.000000
-0.106142 0.123176 0.070172 1.000000
4059.181095