3
0.835344 0.006523 0.549689 0.000000
-0.327150 -0.797687 0.506625 0.000000
0.441785 -0.603037 -0.664208 0.000000
-0.496981 -0.045675 -0.833969 1.000000
0.834614 0.013275 0.550675 0.000000
-0.317028 -0.805960 0.499923 0.000000
0.450458 -0.591822 -0.668457 0.000000
-0.503399 -0.053541 -0.827392 1.000000
0.326233 0.797980 -0.506754 0.000000
-0.827610 -0.017925 -0.561017 0.000000
-0.456764 0.602417 0.654569 0.000000
-0.487389 -0.028407 -0.835815 1.000000
4091.098771
