3
0.863394553476 0.00474996302883 0.5045069701 0.0
-0.28922852134 -0.814674579681 0.502645194611 0.0
0.413396549904 -0.579898928325 -0.702011770169 0.0
-0.5083827936 -0.0314437594407 -0.851147418977 1.0
0.843440 0.001145 0.537222 0.000000
-0.308668 -0.817426 0.486353 0.000000
0.439696 -0.576033 -0.689096 0.000000
-0.498739 -0.046751 -0.812502 1.000000
0.317763 0.809611 -0.493514 0.000000
-0.836604 -0.005552 -0.547780 0.000000
-0.446229 0.586940 0.675560 0.000000
-0.482874 -0.021419 -0.820604 1.000000
4088.622976