3
0.995139584196 -0.0674073699428 -0.0717875646814 0.0
-0.0349386744003 -0.923256173628 0.382592899683 0.0
-0.0920678934083 -0.378225176759 -0.921123888882 0.0
0.207772692692 -0.267842223107 -0.300082846727 1.0
0.993858 -0.061725 -0.091847 0.000000
-0.023502 -0.928786 0.369870 0.000000
-0.108136 -0.365439 -0.924533 0.000000
0.160172 -0.271928 -0.330872 1.000000
0.025838 0.923551 -0.382605 0.000000
-0.995071 0.060418 0.078639 0.000000
0.095743 0.378687 0.920559 0.000000
0.170088 -0.244304 -0.340751 1.000000
4073.667835