3
0.976720583621 0.121905599277 0.17651041441 0.0
0.124516247581 -0.992210489919 -0.00374803734177 0.0
0.174678578019 0.025639199681 -0.98429163657 0.0
-0.00511881551117 -0.467115890477 -0.485248490504 1.0
0.980011 0.096233 0.174120 0.000000
0.102676 -0.994310 -0.028361 0.000000
0.170401 0.045672 -0.984316 0.000000
-0.032870 -0.427792 -0.481339 1.000000
-0.096638 0.995194 0.015798 0.000000
-0.978113 -0.092017 -0.186621 0.000000
-0.184270 -0.033487 0.982305 0.000000
-0.027373 -0.397638 -0.476923 1.000000
4078.318321