3
0.620131599413 -0.171210310355 0.765587244563 0.0
-0.620541707683 -0.704115391371 0.345180394374 0.0
0.479963319885 -0.689136086171 -0.542887342183 0.0
-0.582174244953 0.145007225923 -1.17461472127 1.0
0.629181 -0.036421 0.776405 0.000000
-0.508880 -0.774351 0.376061 0.000000
0.587513 -0.631708 -0.505741 0.000000
-0.516277 -0.076162 -1.140576 1.000000
0.519124 0.765649 -0.379857 0.000000
-0.619740 0.031140 -0.784189 0.000000
-0.588585 0.642504 0.490669 0.000000
-0.496739 -0.052330 -1.143626 1.000000
4097.857025