3
0.856600188978 0.0112717792549 0.515857599764 0.0
-0.292395799533 -0.813137438204 0.503301304395 0.0
0.425136228352 -0.581962587786 -0.693237862324 0.0
-0.50909992091 -0.0466383949387 -0.859033015908 1.0
0.836678 0.009993 0.547604 0.000000
-0.313208 -0.811480 0.493356 0.000000
0.449300 -0.584294 -0.675818 0.000000
-0.497827 -0.051761 -0.819885 1.000000
0.322406 0.803589 -0.500298 0.000000
-0.829702 -0.014527 -0.558017 0.000000
-0.455684 0.595007 0.662057 0.000000
-0.481909 -0.026508 -0.828127 1.000000
4089.693599