3
0.912078930573 0.00959016793984 0.409902492165 0.0
-0.22850466898 -0.818189070835 0.527590997478 0.0
0.340437425467 -0.574869266046 -0.744061614584 0.0
-0.364950091674 -0.0493257985149 -0.792513062272 1.0
0.905197 -0.010873 0.424853 0.000000
-0.253722 -0.815802 0.519704 0.000000
0.340945 -0.578229 -0.741221 0.000000
-0.357262 -0.045235 -0.741344 1.000000
0.261731 0.807913 -0.527991 0.000000
-0.899822 0.006431 -0.436211 0.000000
-0.349025 0.589267 0.728660 0.000000
-0.342261 -0.020056 -0.751343 1.000000
4086.849776