3
0.978680397205 0.122334559788 0.164981622032 0.0
0.12572330957 -0.992012740482 -0.0102162690358 0.0
0.162414068226 0.030740497778 -0.986243728618 0.0
0.00889508905638 -0.495136939838 -0.493381462577 1.0
0.982038 0.092174 0.164636 0.000000
0.096592 -0.995142 -0.019019 0.000000
0.162083 0.034580 -0.986171 0.000000
-0.027668 -0.430975 -0.485071 1.000000
-0.090131 0.995910 0.006218 0.000000
-0.980403 -0.087626 -0.176441 0.000000
-0.175175 -0.021999 0.984291 0.000000
-0.021868 -0.400838 -0.481109 1.000000
4077.916837