3
0.993605902483 0.0539781070319 0.099164885482 0.0
0.0423231267443 -0.992336690997 0.116088951424 0.0
0.104671216167 -0.111149699331 -0.988276115691 0.0
-0.126796047437 -0.347231057936 -0.541907591714 1.0
0.995376 0.024872 0.092775 0.000000
0.015100 -0.994401 0.104585 0.000000
0.094857 -0.102701 -0.990179 0.000000
-0.128800 -0.307232 -0.522374 1.000000
-0.010027 0.993019 -0.117524 0.000000
-0.994127 -0.022564 -0.105842 0.000000
-0.107755 0.115773 0.987414 0.000000
-0.120423 -0.277419 -0.522610 1.000000
4082.232750