3
0.864098165369 0.058880814617 0.499867392692 0.0
-0.0860427732629 -0.961234151659 0.261964781703 0.0
0.495914308904 -0.269373263992 -0.825534398357 0.0
-0.0582046454796 0.0178129814498 0.215413112688 1.0
0.862736 0.033271 0.504559 0.000000
-0.116314 -0.958018 0.262055 0.000000
0.492095 -0.284772 -0.822646 0.000000
-0.089599 0.018879 0.097266 1.000000
0.126205 0.954225 -0.271157 0.000000
-0.855927 -0.033429 -0.516015 0.000000
-0.501459 0.297214 0.812528 0.000000
-0.079349 0.048063 0.095766 1.000000
4056.002717