3
0.976960053029 0.051791914115 -0.207042634298 0.0
0.118673309976 -0.938134015369 0.325301728717 0.0
-0.177385738672 -0.342377228856 -0.922665775282 0.0
0.0266847230567 -0.24106261474 -0.464212108964 1.0
0.976815 0.021821 -0.212970 0.000000
0.087511 -0.948583 0.304190 0.000000
-0.195382 -0.315774 -0.928500 0.000000
-0.004079 -0.231638 -0.452139 1.000000
-0.086401 0.944332 -0.317447 0.000000
-0.979552 -0.022411 0.199939 0.000000
0.181695 0.328231 0.926958 0.000000
0.002580 -0.202773 -0.461167 1.000000
4105.685898