3
0.996406 -0.005390 -0.084532 0.000000
0.024381 -0.937492 0.347152 0.000000
-0.081120 -0.347965 -0.933991 0.000000
-0.072357 0.037987 0.008516 1.000000
0.996679 0.000724 -0.081428 0.000000
0.027949 -0.942257 0.333721 0.000000
-0.076485 -0.334889 -0.939148 0.000000
-0.073663 0.027878 0.015029 1.000000
-0.025172 0.937669 -0.346617 0.000000
-0.997673 -0.001585 0.068165 0.000000
0.063367 0.347526 0.935527 0.000000
-0.065306 0.056404 0.006341 1.000000
4050.582735
