3
0.707887797769 -0.0718884848629 0.702657036907 0.0
-0.482133579202 -0.776181549749 0.406311965903 0.0
0.516180276237 -0.626397834905 -0.58410930043 0.0
-0.52468850588 -0.0487137422625 -1.22456504605 1.0
0.674761 -0.039617 0.736972 0.000000
-0.486331 -0.774967 0.403619 0.000000
0.555139 -0.630759 -0.542184 0.000000
-0.511114 -0.072377 -1.144707 1.000000
0.496316 0.766266 -0.408052 0.000000
-0.665812 0.034350 -0.745328 0.000000
-0.557103 0.641605 0.527238 0.000000
-0.491763 -0.048558 -1.148854 1.000000
4096.351465