3
0.982456522152 -0.0475001727518 0.180341109206 0.0
-0.126493977608 -0.880297607609 0.457247630575 0.0
0.137034505545 -0.472037981127 -0.870862611819 0.0
0.0636233565301 -0.216268082477 0.0839559671422 1.0
0.984411 -0.047949 0.169219 0.000000
-0.119592 -0.887956 0.444108 0.000000
0.128964 -0.457422 -0.879848 0.000000
0.033636 -0.226351 -0.004184 1.000000
0.125069 0.881541 -0.455239 0.000000
-0.982235 0.045315 -0.182101 0.000000
-0.139900 0.469927 0.871548 0.000000
0.045823 -0.199622 -0.013983 1.000000
4069.987621