3
0.989115440628 0.0349448048966 0.142931821935 0.0
-0.0133112689545 -0.946155674055 0.323438171173 0.0
0.146538238114 -0.32182029312 -0.935392026749 0.0
-0.257360762305 -0.142332286368 0.114588790079 1.0
0.988771 0.010905 0.149040 0.000000
-0.036091 -0.950386 0.308973 0.000000
0.145015 -0.310882 -0.939320 0.000000
-0.255083 -0.143209 0.017001 1.000000
0.041807 0.946158 -0.320994 0.000000
-0.986693 -0.011428 -0.162195 0.000000
-0.157130 0.323503 0.933089 0.000000
-0.245356 -0.114401 0.011133 1.000000
4065.136385