3
0.707854359022 -0.0587419893386 0.7039116316 0.0
-0.477665527706 -0.77394014674 0.415755087649 0.0
0.520363190526 -0.630528372045 -0.575895929828 0.0
-0.526304048193 -0.0516068526132 -1.23747457721 1.0
0.678413 -0.043129 0.733413 0.000000
-0.485368 -0.775709 0.403353 0.000000
0.551519 -0.629615 -0.547185 0.000000
-0.508937 -0.072654 -1.141842 1.000000
0.495318 0.767010 -0.407867 0.000000
-0.669514 0.037879 -0.741833 0.000000
-0.553544 0.640516 0.532286 0.000000
-0.489574 -0.048848 -1.146003 1.000000
4096.686039