3
0.678673 -0.055041 0.732375 0.000000
-0.497045 -0.768548 0.402839 0.000000
0.540693 -0.637420 -0.548951 0.000000
-0.500520 -0.064699 -1.143551 1.000000
0.678237 -0.048250 0.733258 0.000000
-0.486268 -0.777593 0.398613 0.000000
0.550943 -0.626914 -0.550855 0.000000
-0.508887 -0.072030 -1.138801 1.000000
0.496210 0.768911 -0.403177 0.000000
-0.669342 0.043042 -0.741706 0.000000
-0.552953 0.637906 0.536022 0.000000
-0.489498 -0.048219 -1.142816 1.000000
4097.020607
