3
0.928518 0.034698 0.369664 0.000000
-0.012263 -0.992215 0.123933 0.000000
0.371086 -0.119607 -0.920863 0.000000
-0.111127 0.104628 0.065198 1.000000
0.926679 0.039912 0.373728 0.000000
-0.002719 -0.993608 0.112852 0.000000
0.375844 -0.105594 -0.920647 0.000000
-0.113852 0.093245 0.068249 1.000000
0.011303 0.992245 -0.123784 0.000000
-0.921769 -0.037642 -0.385909 0.000000
-0.387576 0.118462 0.914195 0.000000
-0.106142 0.123176 0.070172 1.000000
4059.181095
