3
0.975042 0.041109 0.218181 0.000000
0.037992 -0.999107 0.018462 0.000000
0.218745 -0.009712 -0.975734 0.000000
-0.153760 -0.325494 -0.525153 1.000000
0.973738 0.045800 0.223016 0.000000
0.045631 -0.998941 0.005914 0.000000
0.223051 0.004418 -0.974797 0.000000
-0.155605 -0.337239 -0.522929 1.000000
-0.038915 0.999077 -0.018159 0.000000
-0.970958 -0.042100 -0.235515 0.000000
-0.236062 0.008467 0.971701 0.000000
-0.148587 -0.307321 -0.519102 1.000000
4080.693745
