3
0.74443253713 0.038795213889 0.666569673058 0.0
-0.379768746487 -0.796503096495 0.470487530617 0.0
0.549177473003 -0.603388555289 -0.578209611207 0.0
-0.52563283292 -0.0470880800848 -0.893990594609 1.0
0.722831 0.039215 0.689911 0.000000
-0.392600 -0.798299 0.456710 0.000000
0.568666 -0.600983 -0.561640 0.000000
-0.510464 -0.060999 -0.844817 1.000000
0.402959 0.790297 -0.461579 0.000000
-0.714047 -0.044009 -0.698714 0.000000
-0.572505 0.611142 0.546575 0.000000
-0.493474 -0.035838 -0.850919 1.000000
4093.842225