3
0.998700550979 -0.00727506207191 -0.0504408856542 0.0
-0.000397100518632 -0.990839269778 0.135045858054 0.0
-0.0509612773085 -0.134850342744 -0.98955461359 0.0
-0.184987814055 0.034847100313 0.113402120103 1.0
0.998268 -0.033958 -0.048048 0.000000
-0.027914 -0.992223 0.121300 0.000000
-0.051794 -0.119749 -0.991452 0.000000
-0.181702 0.008953 0.018989 1.000000
0.031023 0.990388 -0.134792 0.000000
-0.998741 0.036034 0.034892 0.000000
0.039414 0.133540 0.990259 0.000000
-0.171730 0.038202 0.016986 1.000000
4063.262835