3
0.840317 0.000442 0.542096 0.000000
-0.321043 -0.805367 0.498313 0.000000
0.436806 -0.592777 -0.676621 0.000000
-0.490663 -0.042856 -0.824381 1.000000
0.839583 0.007177 0.543183 0.000000
-0.310968 -0.813525 0.491403 0.000000
0.445420 -0.581486 -0.680790 0.000000
-0.497005 -0.050827 -0.817858 1.000000
0.320124 0.805661 -0.498429 0.000000
-0.832666 -0.011668 -0.553653 0.000000
-0.451872 0.592263 0.667111 0.000000
-0.481119 -0.025545 -0.826072 1.000000
4089.359063
