3
0.851445960265 0.0153641866588 0.524217243628 0.0
-0.302251417125 -0.802490839188 0.514443907404 0.0
0.428583547975 -0.59646659151 -0.678633735986 0.0
-0.512694284133 -0.0459442664133 -0.862986962495 1.0
0.831117 0.014215 0.555915 0.000000
-0.321609 -0.803248 0.501359 0.000000
0.453665 -0.595475 -0.663022 0.000000
-0.500720 -0.056088 -0.823552 1.000000
0.330843 0.795224 -0.508097 0.000000
-0.824056 -0.018922 -0.566192 0.000000
-0.459863 0.606021 0.649049 0.000000
-0.484613 -0.031018 -0.831981 1.000000
4090.396191