3
0.672179 -0.055345 0.738317 0.000000
-0.501894 -0.767177 0.399426 0.000000
0.544314 -0.639043 -0.543458 0.000000
-0.502659 -0.066037 -1.141999 1.000000
0.671747 -0.048552 0.739187 0.000000
-0.491097 -0.776246 0.395305 0.000000
0.554598 -0.628558 -0.545285 0.000000
-0.511081 -0.073347 -1.137314 1.000000
0.501063 0.767540 -0.399772 0.000000
-0.662789 0.043318 -0.747552 0.000000
-0.556459 0.639535 0.530422 0.000000
-0.491615 -0.049575 -1.141189 1.000000
4097.321724
