3
0.872521 0.033978 0.487393 0.000000
-0.067835 -0.979492 0.189720 0.000000
0.483844 -0.198597 -0.852323 0.000000
-0.074359 0.073992 0.112337 1.000000
0.870373 0.039531 0.490803 0.000000
-0.056981 -0.981989 0.180141 0.000000
0.489085 -0.184756 -0.852444 0.000000
-0.077911 0.062953 0.115778 1.000000
0.066866 0.979562 -0.189704 0.000000
-0.863818 -0.038319 -0.502344 0.000000
-0.499347 0.197459 0.843601 0.000000
-0.069339 0.092699 0.116634 1.000000
4057.207168
