3
0.749000 0.024131 0.662131 0.000000
-0.378692 -0.804432 0.457692 0.000000
0.543684 -0.593555 -0.593381 0.000000
-0.515401 -0.043248 -0.823789 1.000000
0.747997 0.030865 0.662984 0.000000
-0.367554 -0.812489 0.452510 0.000000
0.552634 -0.582159 -0.596394 0.000000
-0.522517 -0.051249 -0.818162 1.000000
0.377797 0.804706 -0.457949 0.000000
-0.739507 -0.035366 -0.672220 0.000000
-0.557135 0.592619 0.581724 0.000000
-0.506006 -0.025782 -0.824314 1.000000
4093.139628
