3
0.96402568713 0.117115365418 0.238617823592 0.0
0.123913168986 -0.992199374264 -0.0136355513718 0.0
0.235159522675 0.0427129124784 -0.971017819612 0.0
-0.123308765291 -0.430734396114 -0.541815289725 1.0
0.968383 0.089448 0.232882 0.000000
0.100337 -0.994327 -0.035311 0.000000
0.228402 0.057561 -0.971864 0.000000
-0.126938 -0.391521 -0.521977 1.000000
-0.093564 0.995344 0.023139 0.000000
-0.965734 -0.085081 -0.245192 0.000000
-0.242082 -0.045287 0.969198 0.000000
-0.121596 -0.361451 -0.516849 1.000000
4079.556228