3
0.948574330552 0.00191692330809 -0.316548676862 0.0
0.117656773443 -0.930479126649 0.346937283286 0.0
-0.293876884224 -0.366339897194 -0.882854153665 0.0
-0.0376614231926 -0.199862429834 -0.513010447578 1.0
0.943636 -0.027447 -0.329845 0.000000
0.089583 -0.938182 0.334350 0.000000
-0.318631 -0.345053 -0.882843 0.000000
-0.044491 -0.182098 -0.495377 1.000000
-0.090252 0.933349 -0.347440 0.000000
-0.947961 0.026445 0.317287 0.000000
0.305327 0.357995 0.882392 0.000000
-0.037944 -0.153926 -0.506436 1.000000
4103.009348