3
0.835021 0.003302 0.550208 0.000000
-0.331017 -0.795761 0.507142 0.000000
0.439509 -0.605602 -0.663384 0.000000
-0.495799 -0.046860 -0.833163 1.000000
0.834321 0.010057 0.551188 0.000000
-0.320928 -0.804085 0.500453 0.000000
0.448235 -0.594430 -0.667637 0.000000
-0.502255 -0.054692 -0.826584 1.000000
0.330101 0.796058 -0.507271 0.000000
-0.827331 -0.014748 -0.561521 0.000000
-0.454485 0.605040 0.653736 0.000000
-0.486129 -0.029636 -0.835020 1.000000
4090.764205
