3
0.849232486639 0.014086908061 0.527831168707 0.0
-0.301187036521 -0.808144734974 0.506150626163 0.0
0.433694077282 -0.588815460357 -0.682059968753 0.0
-0.517808225858 -0.0397548345218 -0.869514060293 1.0
0.831708 0.010656 0.555112 0.000000
-0.318612 -0.809646 0.492910 0.000000
0.454696 -0.586822 -0.669993 0.000000
-0.501763 -0.051062 -0.821350 1.000000
0.327863 0.801724 -0.499745 0.000000
-0.824644 -0.015229 -0.565447 0.000000
-0.460943 0.597501 0.656143 0.000000
-0.485742 -0.025853 -0.829522 1.000000
4091.466793