3
0.978826910986 0.0524782966716 0.197848191065 0.0
0.025773498228 -0.990481729192 0.135209729402 0.0
0.203060594696 -0.127247681764 -0.97086272066 0.0
-0.176486277163 0.124002371529 0.166231299224 1.0
0.981599 0.025897 0.189188 0.000000
0.003102 -0.992793 0.119804 0.000000
0.190927 -0.117012 -0.974605 0.000000
-0.157925 0.080228 0.066950 1.000000
0.003208 0.991223 -0.132164 0.000000
-0.979076 -0.023778 -0.202102 0.000000
-0.203471 0.130047 0.970406 0.000000
-0.149514 0.110032 0.067105 1.000000
4060.485908