3
0.977228 -0.037654 0.208822 0.000000
-0.115346 -0.920292 0.373843 0.000000
0.178101 -0.389416 -0.903679 0.000000
-0.217100 -0.199476 0.059867 1.000000
0.976842 -0.031411 0.211643 0.000000
-0.108246 -0.925788 0.362215 0.000000
0.184559 -0.376736 -0.907749 0.000000
-0.220644 -0.209224 0.066091 1.000000
0.114442 0.920516 -0.373568 0.000000
-0.973995 0.029950 -0.224581 0.000000
-0.195542 0.389555 0.900006 0.000000
-0.208974 -0.181391 0.059152 1.000000
4067.980208
