3
0.705062863517 -0.0576820608383 0.706794976175 0.0
-0.478394032971 -0.774419799325 0.414020680198 0.0
0.52347445755 -0.630037105472 -0.573609394991 0.0
-0.528619275969 -0.0498928776312 -1.24233799985 1.0
0.678237 -0.048250 0.733258 0.000000
-0.486268 -0.777593 0.398613 0.000000
0.550943 -0.626914 -0.550855 0.000000
-0.508887 -0.072030 -1.138801 1.000000
0.496210 0.768911 -0.403177 0.000000
-0.669342 0.043042 -0.741706 0.000000
-0.552953 0.637906 0.536022 0.000000
-0.489498 -0.048219 -1.142816 1.000000
4097.020607