3
0.993904021297 -0.0576587550973 -0.093969486596 0.0
-0.0178747460359 -0.925338775408 0.378719743585 0.0
-0.108790118598 -0.374731395385 -0.920728565544 0.0
0.192292284403 -0.269489948456 -0.303885836308 1.0
0.992255 -0.051138 -0.113200 0.000000
-0.006291 -0.930841 0.365370 0.000000
-0.124055 -0.361829 -0.923954 0.000000
0.146799 -0.273589 -0.334339 1.000000
0.008409 0.925694 -0.378180 0.000000
-0.993735 0.049886 0.100014 0.000000
0.111448 0.374970 0.920314 0.000000
0.156224 -0.245815 -0.344280 1.000000
4074.303518