3
0.997801722247 0.0412656802982 -0.0518542834334 0.0
0.0540710682202 -0.959344102727 0.277011213032 0.0
-0.0383150448569 -0.279206081942 -0.959466477343 0.0
-0.0574376233038 0.100811883001 0.123591560025 1.0
0.998521 0.009162 -0.053590 0.000000
0.023068 -0.963971 0.265005 0.000000
-0.049231 -0.265849 -0.962757 0.000000
-0.080677 0.062561 0.022996 1.000000
-0.019917 0.960340 -0.278118 0.000000
-0.999147 -0.009058 0.040277 0.000000
0.036160 0.278683 0.959702 0.000000
-0.072214 0.091664 0.016639 1.000000
4051.586426