3
0.976231 0.015772 -0.216157 0.000000
0.085685 -0.944182 0.318086 0.000000
-0.199075 -0.329047 -0.923091 0.000000
-0.003817 -0.221366 -0.458521 1.000000
0.976815 0.021821 -0.212970 0.000000
0.087511 -0.948583 0.304190 0.000000
-0.195382 -0.315774 -0.928500 0.000000
-0.004079 -0.231638 -0.452139 1.000000
-0.086401 0.944332 -0.317447 0.000000
-0.979552 -0.022411 0.199939 0.000000
0.181695 0.328231 0.926958 0.000000
0.002580 -0.202773 -0.461167 1.000000
4105.685898
