3
0.999776837715 0.0209482764126 -0.00272845802505 0.0
0.0201691398855 -0.908118910316 0.418226314956 0.0
0.00628335612017 -0.418188013268 -0.908338761143 0.0
0.0309124261484 0.0077372797589 0.108998910502 1.0
0.999989 -0.003953 -0.002456 0.000000
-0.002591 -0.911277 0.411785 0.000000
-0.003866 -0.411775 -0.911278 0.000000
-0.019702 -0.018488 0.008883 1.000000
0.006353 0.905641 -0.423998 0.000000
-0.999940 0.001993 -0.010726 0.000000
-0.008869 0.424041 0.905600 0.000000
-0.010560 0.009236 -0.001452 1.000000
4048.374584