3
0.702129748554 -0.0678797792653 0.708806145404 0.0
-0.485416470076 -0.773913484124 0.406729356785 0.0
0.520945934599 -0.629642958079 -0.576337642851 0.0
-0.5272480316 -0.0495994676062 -1.22925917845 1.0
0.671747 -0.048552 0.739187 0.000000
-0.491097 -0.776246 0.395305 0.000000
0.554598 -0.628558 -0.545285 0.000000
-0.511081 -0.073347 -1.137314 1.000000
0.501063 0.767540 -0.399772 0.000000
-0.662789 0.043318 -0.747552 0.000000
-0.556459 0.639535 0.530422 0.000000
-0.491615 -0.049575 -1.141189 1.000000
4097.321724