3
0.981321 0.091769 0.169077 0.000000
0.095736 -0.995287 -0.015449 0.000000
0.166862 0.031348 -0.985482 0.000000
-0.031817 -0.415899 -0.483278 1.000000
0.980011 0.096233 0.174120 0.000000
0.102676 -0.994310 -0.028361 0.000000
0.170401 0.045672 -0.984316 0.000000
-0.032870 -0.427792 -0.481339 1.000000
-0.096638 0.995194 0.015798 0.000000
-0.978113 -0.092017 -0.186621 0.000000
-0.184270 -0.033487 0.982305 0.000000
-0.027373 -0.397638 -0.476923 1.000000
4078.318321
