3
0.905678 -0.017603 0.423600 0.000000
-0.262652 -0.807605 0.528003 0.000000
0.332807 -0.589460 -0.736054 0.000000
-0.351742 -0.037262 -0.748574 1.000000
0.905197 -0.010873 0.424853 0.000000
-0.253722 -0.815802 0.519704 0.000000
0.340945 -0.578229 -0.741221 0.000000
-0.357262 -0.045235 -0.741344 1.000000
0.261731 0.807913 -0.527991 0.000000
-0.899822 0.006431 -0.436211 0.000000
-0.349025 0.589267 0.728660 0.000000
-0.342261 -0.020056 -0.751343 1.000000
4086.849776
