3
0.999660627946 0.02391501507 -0.0103296170519 0.0
0.0260505056163 -0.917567812968 0.396724942199 0.0
9.55884424822e-06 -0.396859396588 -0.917879414329 0.0
-0.0111659557317 0.0157395146254 0.119741861752 1.0
0.999799 -0.003598 -0.019744 0.000000
0.004413 -0.920312 0.391160 0.000000
-0.019578 -0.391168 -0.920111 0.000000
-0.042078 -0.003998 0.022878 1.000000
-0.000862 0.914953 -0.403559 0.000000
-0.999977 0.001935 0.006522 0.000000
0.006748 0.403555 0.914930 0.000000
-0.033113 0.023955 0.013014 1.000000
4049.378296