3
0.960935 -0.010180 -0.276586 0.000000
0.098098 -0.921922 0.374748 0.000000
-0.258806 -0.387241 -0.884909 0.000000
0.007810 -0.198585 -0.507170 1.000000
0.961763 -0.003940 -0.273854 0.000000
0.099019 -0.927258 0.361091 0.000000
-0.255356 -0.374401 -0.891413 0.000000
0.007868 -0.208406 -0.500110 1.000000
-0.098771 0.922123 -0.374077 0.000000
-0.965312 0.002518 0.261086 0.000000
0.241695 0.386889 0.889888 0.000000
0.014173 -0.180286 -0.511446 1.000000
4104.849467
