3
0.999921 -0.010713 -0.006629 0.000000
-0.006829 -0.903104 0.429367 0.000000
-0.010586 -0.429288 -0.903106 0.000000
-0.017818 -0.011931 -0.002586 1.000000
0.999982 -0.004349 -0.004064 0.000000
-0.002259 -0.909030 0.416725 0.000000
-0.005507 -0.416708 -0.909024 0.000000
-0.019669 -0.021428 0.004673 1.000000
0.006000 0.903326 -0.428913 0.000000
-0.999956 0.002317 -0.009108 0.000000
-0.007234 0.428948 0.903300 0.000000
-0.010534 0.006236 -0.005827 1.000000
4048.006563
