3
0.837420 0.003253 0.546550 0.000000
-0.323324 -0.803297 0.500176 0.000000
0.440669 -0.595570 -0.671645 0.000000
-0.491453 -0.043816 -0.826410 1.000000
0.836678 0.009993 0.547604 0.000000
-0.313208 -0.811480 0.493356 0.000000
0.449300 -0.584294 -0.675818 0.000000
-0.497827 -0.051761 -0.819885 1.000000
0.322406 0.803589 -0.500298 0.000000
-0.829702 -0.014527 -0.558017 0.000000
-0.455684 0.595007 0.662057 0.000000
-0.481909 -0.026508 -0.828127 1.000000
4089.693599
