3
0.989300 0.004873 0.145813 0.000000
-0.042702 -0.946002 0.321337 0.000000
0.139505 -0.324126 -0.935671 0.000000
-0.252462 -0.132924 0.011201 1.000000
0.988771 0.010905 0.149040 0.000000
-0.036091 -0.950386 0.308973 0.000000
0.145015 -0.310882 -0.939320 0.000000
-0.255083 -0.143209 0.017001 1.000000
0.041807 0.946158 -0.320994 0.000000
-0.986693 -0.011428 -0.162195 0.000000
-0.157130 0.323503 0.933089 0.000000
-0.245356 -0.114401 0.011133 1.000000
4065.136385
