3
0.974920 -0.006379 0.222463 0.000000
-0.090329 -0.924896 0.369335 0.000000
0.203399 -0.380167 -0.902276 0.000000
-0.262873 -0.178952 0.054864 1.000000
0.974290 -0.000162 0.225297 0.000000
-0.082891 -0.930115 0.357792 0.000000
0.209494 -0.367268 -0.906215 0.000000
-0.266183 -0.188832 0.061007 1.000000
0.089414 0.925090 -0.369072 0.000000
-0.971216 -0.001159 -0.238198 0.000000
-0.220782 0.379747 0.898358 0.000000
-0.255335 -0.160608 0.054319 1.000000
4066.775767
