3
0.970793835165 0.0761592856654 0.227506247852 0.0
0.0722408411236 -0.997060842037 0.0255134895826 0.0
0.228780660193 -0.00833309569467 -0.97344232959 0.0
-0.155665497187 -0.37077634841 -0.542587027356 1.0
0.973738 0.045800 0.223016 0.000000
0.045631 -0.998941 0.005914 0.000000
0.223051 0.004418 -0.974797 0.000000
-0.155605 -0.337239 -0.522929 1.000000
-0.038915 0.999077 -0.018159 0.000000
-0.970958 -0.042100 -0.235515 0.000000
-0.236062 0.008467 0.971701 0.000000
-0.148587 -0.307321 -0.519102 1.000000
4080.693745