3
0.986484 0.075152 0.145605 0.000000
0.075640 -0.997133 0.002189 0.000000
0.145352 0.008855 -0.989340 0.000000
-0.023950 -0.420460 -0.491458 1.000000
0.985376 0.079739 0.150587 0.000000
0.082308 -0.996547 -0.010889 0.000000
0.149198 0.023124 -0.988537 0.000000
-0.025195 -0.432290 -0.489261 1.000000
-0.076536 0.997065 -0.001819 0.000000
-0.983675 -0.075806 -0.163207 0.000000
-0.162866 -0.010702 0.986590 0.000000
-0.019005 -0.402173 -0.485566 1.000000
4077.548820
