3
0.90461663337 0.0482829475909 0.423482589491 0.0
-0.0939342760815 -0.94655002805 0.308576402493 0.0
0.415746435231 -0.318922876837 -0.851729475962 0.0
-0.12502773942 0.0199224501858 0.160366208799 1.0
0.908136 0.024188 0.417976 0.000000
-0.113674 -0.946583 0.301759 0.000000
0.402948 -0.321551 -0.856877 0.000000
-0.128563 0.002507 0.052332 1.000000
0.122541 0.942263 -0.311647 0.000000
-0.902476 -0.024860 -0.430023 0.000000
-0.412942 0.333949 0.847323 0.000000
-0.117799 0.031345 0.048945 1.000000
4054.865185