3
0.999524702565 0.030716976094 -0.00261464007107 0.0
0.030822744978 -0.994177618847 0.103251249756 0.0
0.000572149530436 -0.103282765086 -0.994651870295 0.0
-0.192122907601 0.100024097567 0.161207320008 1.0
0.999961 0.004622 0.007496 0.000000
0.003874 -0.995293 0.096830 0.000000
0.007908 -0.096797 -0.995273 0.000000
-0.206267 0.079836 0.062184 1.000000
0.000047 0.993913 -0.110163 0.000000
-0.999785 -0.002237 -0.020607 0.000000
-0.020728 0.110141 0.993700 0.000000
-0.197341 0.109480 0.061415 1.000000
4061.924547