3
0.942461 -0.033647 -0.332619 0.000000
0.089583 -0.933122 0.348222 0.000000
-0.322090 -0.357982 -0.876417 0.000000
-0.044792 -0.172055 -0.502807 1.000000
0.943636 -0.027447 -0.329845 0.000000
0.089583 -0.938182 0.334350 0.000000
-0.318631 -0.345053 -0.882843 0.000000
-0.044491 -0.182098 -0.495377 1.000000
-0.090252 0.933349 -0.347440 0.000000
-0.947961 0.026445 0.317287 0.000000
0.305327 0.357995 0.882392 0.000000
-0.037944 -0.153926 -0.506436 1.000000
4103.009348
