3
0.851162088867 0.0148338219061 0.524693297272 0.0
-0.302704886365 -0.802767032918 0.513745893055 0.0
0.428827296526 -0.596108252407 -0.678794594238 0.0
-0.521067977804 -0.045894209444 -0.876287653697 1.0
0.834321 0.010057 0.551188 0.000000
-0.320928 -0.804085 0.500453 0.000000
0.448235 -0.594430 -0.667637 0.000000
-0.502255 -0.054692 -0.826584 1.000000
0.330101 0.796058 -0.507271 0.000000
-0.827331 -0.014748 -0.561521 0.000000
-0.454485 0.605040 0.653736 0.000000
-0.486129 -0.029636 -0.835020 1.000000
4090.764205