3
0.995897 0.019669 0.088331 0.000000
0.009151 -0.992978 0.117942 0.000000
0.090031 -0.116650 -0.989084 0.000000
-0.126896 -0.295860 -0.526028 1.000000
0.995376 0.024872 0.092775 0.000000
0.015100 -0.994401 0.104585 0.000000
0.094857 -0.102701 -0.990179 0.000000
-0.128800 -0.307232 -0.522374 1.000000
-0.010027 0.993019 -0.117524 0.000000
-0.994127 -0.022564 -0.105842 0.000000
-0.107755 0.115773 0.987414 0.000000
-0.120423 -0.277419 -0.522610 1.000000
4082.232750
