3
0.999950 -0.008232 -0.005673 0.000000
-0.004935 -0.899893 0.436084 0.000000
-0.008695 -0.436034 -0.899888 0.000000
-0.013927 -0.015753 -0.006966 1.000000
0.999993 -0.001849 -0.003155 0.000000
-0.000338 -0.905901 0.423490 0.000000
-0.003641 -0.423486 -0.905895 0.000000
-0.015761 -0.025200 0.000362 1.000000
0.004104 0.900116 -0.435632 0.000000
-0.999950 -0.000281 -0.010001 0.000000
-0.009124 0.435651 0.900069 0.000000
-0.006686 0.002408 -0.010336 1.000000
4047.303969
