3
0.696662935735 -0.0606511275375 0.714830185919 0.0
-0.485502401421 -0.773432934505 0.407540076604 0.0
0.528155443205 -0.630969838068 -0.568268326815 0.0
-0.533527758393 -0.0501946586834 -1.23939503442 1.0
0.665373 -0.041632 0.745349 0.000000
-0.492576 -0.774723 0.396450 0.000000
0.560934 -0.630929 -0.535987 0.000000
-0.515932 -0.071739 -1.146480 1.000000
0.502603 0.766012 -0.400769 0.000000
-0.656329 0.036362 -0.753598 0.000000
-0.562692 0.641797 0.521031 0.000000
-0.496494 -0.047945 -1.150352 1.000000
4095.950003