3
0.678856 -0.049924 0.732572 0.000000
-0.496154 -0.766651 0.407527 0.000000
0.541281 -0.640121 -0.545216 0.000000
-0.500578 -0.065344 -1.146637 1.000000
0.678413 -0.043129 0.733413 0.000000
-0.485368 -0.775709 0.403353 0.000000
0.551519 -0.629615 -0.547185 0.000000
-0.508937 -0.072654 -1.141842 1.000000
0.495318 0.767010 -0.407867 0.000000
-0.669514 0.037879 -0.741833 0.000000
-0.553544 0.640516 0.532286 0.000000
-0.489574 -0.048848 -1.146003 1.000000
4096.686039
