3
0.629694 -0.043221 0.775640 0.000000
-0.519937 -0.765294 0.379460 0.000000
0.577192 -0.642228 -0.504373 0.000000
-0.507640 -0.068861 -1.144864 1.000000
0.629181 -0.036421 0.776405 0.000000
-0.508880 -0.774351 0.376061 0.000000
0.587513 -0.631708 -0.505741 0.000000
-0.516277 -0.076162 -1.140576 1.000000
0.519124 0.765649 -0.379857 0.000000
-0.619740 0.031140 -0.784189 0.000000
-0.588585 0.642504 0.490669 0.000000
-0.496739 -0.052330 -1.143626 1.000000
4097.857025
