3
0.960278249504 0.016016920673 -0.278584173601 0.0
0.124991221109 -0.917285830143 0.378105673675 0.0
-0.249485226365 -0.397907230484 -0.882851605738 0.0
0.0377883287682 -0.217031757167 -0.504497682342 1.0
0.958318 -0.009751 -0.285538 0.000000
0.097339 -0.928482 0.358395 0.000000
-0.268611 -0.371250 -0.888831 0.000000
0.008164 -0.212428 -0.504143 1.000000
-0.097282 0.923366 -0.371391 0.000000
-0.962031 0.008373 0.272812 0.000000
0.255015 0.383829 0.887492 0.000000
0.014514 -0.184331 -0.515511 1.000000
4104.447981