3
0.999940 -0.009665 -0.005064 0.000000
-0.006515 -0.901167 0.433424 0.000000
-0.008753 -0.433365 -0.901176 0.000000
-0.015565 -0.013720 -0.004572 1.000000
0.999991 -0.003289 -0.002528 0.000000
-0.001920 -0.907144 0.420815 0.000000
-0.003678 -0.420807 -0.907143 0.000000
-0.017417 -0.023186 0.002727 1.000000
0.005685 0.901390 -0.432971 0.000000
-0.999943 0.001199 -0.010634 0.000000
-0.009067 0.433007 0.901345 0.000000
-0.008295 0.004440 -0.007884 1.000000
4047.671995
