3
0.997854 -0.039234 -0.052416 0.000000
-0.031828 -0.990290 0.135327 0.000000
-0.057217 -0.133369 -0.989413 0.000000
-0.179677 0.020146 0.014878 1.000000
0.998268 -0.033958 -0.048048 0.000000
-0.027914 -0.992223 0.121300 0.000000
-0.051794 -0.119749 -0.991452 0.000000
-0.181702 0.008953 0.018989 1.000000
0.031023 0.990388 -0.134792 0.000000
-0.998741 0.036034 0.034892 0.000000
0.039414 0.133540 0.990259 0.000000
-0.171730 0.038202 0.016986 1.000000
4063.262835
