3
0.952368178781 0.0438413232659 0.301782687409 0.0
-0.0537924290388 -0.949941898771 0.307760886952 0.0
0.300168663627 -0.309335299204 -0.902336104809 0.0
-0.14735993486 0.0471198277546 0.13771704312 1.0
0.953764 0.019249 0.299938 0.000000
-0.073354 -0.952860 0.294408 0.000000
0.291466 -0.302798 -0.907392 0.000000
-0.163199 0.017933 0.039550 1.000000
0.080902 0.948773 -0.305426 0.000000
-0.949676 -0.019658 -0.312617 0.000000
-0.302607 0.315347 0.899436 0.000000
-0.152986 0.046874 0.035413 1.000000
4053.593849