3
0.857098456796 0.0134490698727 0.514977045972 0.0
-0.293008659157 -0.809482005817 0.508807240434 0.0
0.423707636251 -0.586990634319 -0.689865084059 0.0
-0.512476682084 -0.0334662634798 -0.864611612162 1.0
0.839583 0.007177 0.543183 0.000000
-0.310968 -0.813525 0.491403 0.000000
0.445420 -0.581486 -0.680790 0.000000
-0.497005 -0.050827 -0.817858 1.000000
0.320124 0.805661 -0.498429 0.000000
-0.832666 -0.011668 -0.553653 0.000000
-0.451872 0.592263 0.667111 0.000000
-0.481119 -0.025545 -0.826072 1.000000
4089.359063