3
0.844156 -0.005582 0.536069 0.000000
-0.318682 -0.809315 0.493407 0.000000
0.431095 -0.587348 -0.684967 0.000000
-0.492431 -0.038731 -0.818999 1.000000
0.843440 0.001145 0.537222 0.000000
-0.308668 -0.817426 0.486353 0.000000
0.439696 -0.576033 -0.689096 0.000000
-0.498739 -0.046751 -0.812502 1.000000
0.317763 0.809611 -0.493514 0.000000
-0.836604 -0.005552 -0.547780 0.000000
-0.446229 0.586940 0.675560 0.000000
-0.482874 -0.021419 -0.820604 1.000000
4088.622976
