3
0.831842 0.007458 0.554963 0.000000
-0.331759 -0.794929 0.507961 0.000000
0.444944 -0.606657 -0.658781 0.000000
-0.494247 -0.048262 -0.830121 1.000000
0.831117 0.014215 0.555915 0.000000
-0.321609 -0.803248 0.501359 0.000000
0.453665 -0.595475 -0.663022 0.000000
-0.500720 -0.056088 -0.823552 1.000000
0.330843 0.795224 -0.508097 0.000000
-0.824056 -0.018922 -0.566192 0.000000
-0.459863 0.606021 0.649049 0.000000
-0.484613 -0.031018 -0.831981 1.000000
4090.396191
