3
0.963396717422 0.021765563683 -0.267194732543 0.0
0.12646532525 -0.915723320791 0.381388674804 0.0
-0.236375308293 -0.401219466124 -0.884957430407 0.0
0.0377296351273 -0.21121801272 -0.499808536349 1.0
0.961763 -0.003940 -0.273854 0.000000
0.099019 -0.927258 0.361091 0.000000
-0.255356 -0.374401 -0.891413 0.000000
0.007868 -0.208406 -0.500110 1.000000
-0.098771 0.922123 -0.374077 0.000000
-0.965312 0.002518 0.261086 0.000000
0.241695 0.386889 0.889888 0.000000
0.014173 -0.180286 -0.511446 1.000000
4104.849467