3
0.998686373926 0.0370703100708 -0.0353739826165 0.0
0.0436177018947 -0.977316935516 0.207241655164 0.0
-0.0268890798713 -0.208512348951 -0.977650028241 0.0
-0.01456 -0.359718 -0.450755 1.0
0.998596 0.042664 -0.031400 0.000000
0.047949 -0.979938 0.193451 0.000000
-0.022517 -0.194685 -0.980607 0.000000
-0.015778 -0.370712 -0.445862 1.000000
-0.044438 0.977389 -0.206726 0.000000
-0.998971 -0.041586 0.018122 0.000000
0.009115 0.207319 0.978231 0.000000
-0.008104 -0.340979 -0.449868 1.000000
4075.875993