3
0.978444935143 -0.0336470492027 0.20374833735 0.0
-0.110517949092 -0.918771153295 0.3790057398 0.0
0.174445670114 -0.393354094873 -0.902685584368 0.0
-0.226080508863 -0.204486463053 0.0694152502102 1.0
0.976842 -0.031411 0.211643 0.000000
-0.108246 -0.925788 0.362215 0.000000
0.184559 -0.376736 -0.907749 0.000000
-0.220644 -0.209224 0.066091 1.000000
0.114442 0.920516 -0.373568 0.000000
-0.973995 0.029950 -0.224581 0.000000
-0.195542 0.389555 0.900006 0.000000
-0.208974 -0.181391 0.059152 1.000000
4067.980208