3
0.681541378075 -0.0660163219136 0.728795715693 0.0
-0.499712909913 -0.769543718536 0.397604669148 0.0
0.534591767275 -0.635172661962 -0.557465094745 0.0
-0.511983519156 -0.0728155697207 -1.16884469188 1.0
0.674761 -0.039617 0.736972 0.000000
-0.486331 -0.774967 0.403619 0.000000
0.555139 -0.630759 -0.542184 0.000000
-0.511114 -0.072377 -1.144707 1.000000
0.496316 0.766266 -0.408052 0.000000
-0.665812 0.034350 -0.745328 0.000000
-0.557103 0.641605 0.527238 0.000000
-0.491763 -0.048558 -1.148854 1.000000
4096.351465