3
0.996139249014 -0.06057836654 -0.0635362737481 0.0
-0.02421281811 -0.885271885612 0.464443137515 0.0
-0.0843820834871 -0.461111645974 -0.883320844277 0.0
-0.0105010403349 -0.0182768793291 -0.470287419232 1.0
0.996821 -0.055081 -0.057563 0.000000
-0.023484 -0.893547 0.448354 0.000000
-0.076131 -0.445577 -0.892000 0.000000
-0.000980 -0.023098 -0.453025 1.000000
0.026262 0.887264 -0.460514 0.000000
-0.997623 0.052619 0.044489 0.000000
0.063705 0.458251 0.886537 0.000000
0.008897 0.003708 -0.464979 1.000000
4084.474351