3
0.989767770475 0.0049830966647 0.142600593535 0.0
-0.0422997279823 -0.944218823167 0.326590794406 0.0
0.136273598108 -0.329281008753 -0.934346575813 0.0
-0.261630611719 -0.13084317931 0.0150620948866 1.0
0.988771 0.010905 0.149040 0.000000
-0.036091 -0.950386 0.308973 0.000000
0.145015 -0.310882 -0.939320 0.000000
-0.255083 -0.143209 0.017001 1.000000
0.041807 0.946158 -0.320994 0.000000
-0.986693 -0.011428 -0.162195 0.000000
-0.157130 0.323503 0.933089 0.000000
-0.245356 -0.114401 0.011133 1.000000
4065.136385