3
0.832695 0.005869 0.553701 0.000000
-0.328945 -0.799139 0.503162 0.000000
0.445437 -0.601118 -0.663508 0.000000
-0.492765 -0.045859 -0.828516 1.000000
0.831955 0.012617 0.554699 0.000000
-0.318785 -0.807388 0.496489 0.000000
0.454122 -0.589886 -0.667688 0.000000
-0.499208 -0.053746 -0.821989 1.000000
0.328029 0.799432 -0.503295 0.000000
-0.824898 -0.017238 -0.565019 0.000000
-0.460369 0.600509 0.653796 0.000000
-0.483178 -0.028579 -0.830276 1.000000
4090.061611
