3
0.983279 0.087650 0.159627 0.000000
0.089759 -0.995945 -0.006039 0.000000
0.158451 0.020266 -0.987159 0.000000
-0.026562 -0.419109 -0.487141 1.000000
0.982038 0.092174 0.164636 0.000000
0.096592 -0.995142 -0.019019 0.000000
0.162083 0.034580 -0.986171 0.000000
-0.027668 -0.430975 -0.485071 1.000000
-0.090131 0.995910 0.006218 0.000000
-0.980403 -0.087626 -0.176441 0.000000
-0.175175 -0.021999 0.984291 0.000000
-0.021868 -0.400838 -0.481109 1.000000
4077.916837
