3
0.835446710197 -0.000736760785845 0.549570970489 0.0
-0.327049623214 -0.804317932028 0.496095966697 0.0
0.441664282432 -0.594198722147 -0.672205727603 0.0
-0.509533304969 -0.0575369465664 -0.845513228102 1.0
0.831708 0.010656 0.555112 0.000000
-0.318612 -0.809646 0.492910 0.000000
0.454696 -0.586822 -0.669993 0.000000
-0.501763 -0.051062 -0.821350 1.000000
0.327863 0.801724 -0.499745 0.000000
-0.824644 -0.015229 -0.565447 0.000000
-0.460943 0.597501 0.656143 0.000000
-0.485742 -0.025853 -0.829522 1.000000
4091.466793