3
0.954848 0.013245 0.296798 0.000000
-0.081840 -0.948627 0.305628 0.000000
0.285599 -0.316119 -0.904711 0.000000
-0.159823 0.028284 0.034280 1.000000
0.953764 0.019249 0.299938 0.000000
-0.073354 -0.952860 0.294408 0.000000
0.291466 -0.302798 -0.907392 0.000000
-0.163199 0.017933 0.039550 1.000000
0.080902 0.948773 -0.305426 0.000000
-0.949676 -0.019658 -0.312617 0.000000
-0.302607 0.315347 0.899436 0.000000
-0.152986 0.046874 0.035413 1.000000
4053.593849
