3
0.844586906326 -0.0043106622563 0.535401135462 0.0
-0.321627390693 -0.8035311467 0.500892720889 0.0
0.428052308976 -0.595247103709 -0.680038312381 0.0
-0.49897810719 -0.051131026311 -0.835701274645 1.0
0.836678 0.009993 0.547604 0.000000
-0.313208 -0.811480 0.493356 0.000000
0.449300 -0.584294 -0.675818 0.000000
-0.497827 -0.051761 -0.819885 1.000000
0.322406 0.803589 -0.500298 0.000000
-0.829702 -0.014527 -0.558017 0.000000
-0.455684 0.595007 0.662057 0.000000
-0.481909 -0.026508 -0.828127 1.000000
4089.693599