3
0.974764811607 0.0452312467816 0.218603971528 0.0
0.0422451402906 -0.998939353048 0.0183171245838 0.0
0.219200616275 -0.00861993304886 -0.975641730647 0.0
-0.170349321071 -0.341341165832 -0.537136738324 1.0
0.973738 0.045800 0.223016 0.000000
0.045631 -0.998941 0.005914 0.000000
0.223051 0.004418 -0.974797 0.000000
-0.155605 -0.337239 -0.522929 1.000000
-0.038915 0.999077 -0.018159 0.000000
-0.970958 -0.042100 -0.235515 0.000000
-0.236062 0.008467 0.971701 0.000000
-0.148587 -0.307321 -0.519102 1.000000
4080.693745