3
0.984762619805 -0.0609388649896 0.162877369111 0.0
-0.130414045045 -0.878363990802 0.459857452388 0.0
0.115042424738 -0.474091926103 -0.872927308609 0.0
0.027049619866 -0.218340803342 -0.00221019669114 1.0
0.984411 -0.047949 0.169219 0.000000
-0.119592 -0.887956 0.444108 0.000000
0.128964 -0.457422 -0.879848 0.000000
0.033636 -0.226351 -0.004184 1.000000
0.125069 0.881541 -0.455239 0.000000
-0.982235 0.045315 -0.182101 0.000000
-0.139900 0.469927 0.871548 0.000000
0.045823 -0.199622 -0.013983 1.000000
4069.987621