3
0.997108842835 -0.0390622236387 -0.065177436464 0.0
-0.0300025792272 -0.99044513838 0.134604134774 0.0
-0.0698126118931 -0.132259481864 -0.988753573282 0.0
-0.169093268947 0.0101073064293 0.0187640104164 1.0
0.998268 -0.033958 -0.048048 0.000000
-0.027914 -0.992223 0.121300 0.000000
-0.051794 -0.119749 -0.991452 0.000000
-0.181702 0.008953 0.018989 1.000000
0.031023 0.990388 -0.134792 0.000000
-0.998741 0.036034 0.034892 0.000000
0.039414 0.133540 0.990259 0.000000
-0.171730 0.038202 0.016986 1.000000
4063.262835