3
0.844467940918 -0.00426271466576 0.535589139196 0.0
-0.321777184336 -0.803432746349 0.500954354942 0.0
0.428174427543 -0.595380257783 -0.679844841298 0.0
-0.499093156399 -0.0509600884234 -0.83587611239 1.0
0.836678 0.009993 0.547604 0.000000
-0.313208 -0.811480 0.493356 0.000000
0.449300 -0.584294 -0.675818 0.000000
-0.497827 -0.051761 -0.819885 1.000000
0.322406 0.803589 -0.500298 0.000000
-0.829702 -0.014527 -0.558017 0.000000
-0.455684 0.595007 0.662057 0.000000
-0.481909 -0.026508 -0.828127 1.000000
4089.693599