3
0.903354589914 0.0135494320706 0.428680414495 0.0
-0.0492038256291 -0.989627753261 0.134966268075 0.0
0.426062751745 -0.143015114115 -0.893318089322 0.0
-0.0968251107876 0.0891788281538 0.0886045710036 1.0
0.901788 0.016608 0.431859 0.000000
-0.041909 -0.991192 0.125629 0.000000
0.430142 -0.131390 -0.893149 0.000000
-0.091426 0.090025 0.088814 1.000000
0.051124 0.989393 -0.135969 0.000000
-0.896041 -0.014680 -0.443729 0.000000
-0.441018 0.144519 0.885786 0.000000
-0.082894 0.119726 0.090830 1.000000
4058.311238