3
0.992449858001 -0.0773617363033 -0.0951758430976 0.0
-0.0347486108754 -0.921544072903 0.386715729883 0.0
-0.11762573441 -0.380488742873 -0.917274497166 0.0
0.159240394693 -0.266384139632 -0.352312146999 1.0
0.993858 -0.061725 -0.091847 0.000000
-0.023502 -0.928786 0.369870 0.000000
-0.108136 -0.365439 -0.924533 0.000000
0.160172 -0.271928 -0.330872 1.000000
0.025838 0.923551 -0.382605 0.000000
-0.995071 0.060418 0.078639 0.000000
0.095743 0.378687 0.920559 0.000000
0.170088 -0.244304 -0.340751 1.000000
4073.667835