3
0.910544162194 -0.0202664773562 0.412914759473 0.0
-0.259190630408 -0.806104226475 0.531992662701 0.0
0.322070715533 -0.591426450165 -0.739246378579 0.0
-0.354127902042 -0.044911454306 -0.759943804383 1.0
0.905197 -0.010873 0.424853 0.000000
-0.253722 -0.815802 0.519704 0.000000
0.340945 -0.578229 -0.741221 0.000000
-0.357262 -0.045235 -0.741344 1.000000
0.261731 0.807913 -0.527991 0.000000
-0.899822 0.006431 -0.436211 0.000000
-0.349025 0.589267 0.728660 0.000000
-0.342261 -0.020056 -0.751343 1.000000
4086.849776