3
0.990960366366 -0.0667832092421 -0.11635100023 0.0
-0.0172998139482 -0.923660603056 0.382820854709 0.0
-0.133034840281 -0.377347443778 -0.916466386697 0.0
0.14603046028 -0.268304254241 -0.358481506053 1.0
0.992255 -0.051138 -0.113200 0.000000
-0.006291 -0.930841 0.365370 0.000000
-0.124055 -0.361829 -0.923954 0.000000
0.146799 -0.273589 -0.334339 1.000000
0.008409 0.925694 -0.378180 0.000000
-0.993735 0.049886 0.100014 0.000000
0.111448 0.374970 0.920314 0.000000
0.156224 -0.245815 -0.344280 1.000000
4074.303518