3
0.984467 -0.054416 0.166925 0.000000
-0.125951 -0.881263 0.455535 0.000000
0.122316 -0.469483 -0.874428 0.000000
0.037181 -0.217287 -0.011367 1.000000
0.984411 -0.047949 0.169219 0.000000
-0.119592 -0.887956 0.444108 0.000000
0.128964 -0.457422 -0.879848 0.000000
0.033636 -0.226351 -0.004184 1.000000
0.125069 0.881541 -0.455239 0.000000
-0.982235 0.045315 -0.182101 0.000000
-0.139900 0.469927 0.871548 0.000000
0.045823 -0.199622 -0.013983 1.000000
4069.987621
