3
0.832095995523 0.010555956845 0.55453117677 0.0
-0.326140125682 -0.799380008495 0.504603032531 0.0
0.448607704632 -0.600733030384 -0.661718182877 0.0
-0.513745150376 -0.0588836318193 -0.85654540172 1.0
0.831955 0.012617 0.554699 0.000000
-0.318785 -0.807388 0.496489 0.000000
0.454122 -0.589886 -0.667688 0.000000
-0.499208 -0.053746 -0.821989 1.000000
0.328029 0.799432 -0.503295 0.000000
-0.824898 -0.017238 -0.565019 0.000000
-0.460369 0.600509 0.653796 0.000000
-0.483178 -0.028579 -0.830276 1.000000
4090.061611