3
0.975424319636 -0.00557372448722 0.220264228277 0.0
-0.0906697152378 -0.921268020303 0.378211894982 0.0
0.200814340628 -0.388888375196 -0.899132599918 0.0
-0.276033643858 -0.172097547786 0.0599560794995 1.0
0.974290 -0.000162 0.225297 0.000000
-0.082891 -0.930115 0.357792 0.000000
0.209494 -0.367268 -0.906215 0.000000
-0.266183 -0.188832 0.061007 1.000000
0.089414 0.925090 -0.369072 0.000000
-0.971216 -0.001159 -0.238198 0.000000
-0.220782 0.379747 0.898358 0.000000
-0.255335 -0.160608 0.054319 1.000000
4066.775767