3
0.729092318273 0.0279953691565 0.683842562832 0.0
-0.408183615126 -0.784231186848 0.467298172389 0.0
0.549372849509 -0.619836837305 -0.560349683092 0.0
-0.511881235891 -0.0507403528514 -0.868878420096 1.0
0.722831 0.039215 0.689911 0.000000
-0.392600 -0.798299 0.456710 0.000000
0.568666 -0.600983 -0.561640 0.000000
-0.510464 -0.060999 -0.844817 1.000000
0.402959 0.790297 -0.461579 0.000000
-0.714047 -0.044009 -0.698714 0.000000
-0.572505 0.611142 0.546575 0.000000
-0.493474 -0.035838 -0.850919 1.000000
4093.842225