3
0.682397086605 -0.0714680212131 0.727479579189 0.0
-0.509340105889 -0.760327888961 0.403080832838 0.0
0.524315623195 -0.645595711891 -0.555247065784 0.0
-0.506970383869 -0.0588199646642 -1.16110364094 1.0
0.671747 -0.048552 0.739187 0.000000
-0.491097 -0.776246 0.395305 0.000000
0.554598 -0.628558 -0.545285 0.000000
-0.511081 -0.073347 -1.137314 1.000000
0.501063 0.767540 -0.399772 0.000000
-0.662789 0.043318 -0.747552 0.000000
-0.556459 0.639535 0.530422 0.000000
-0.491615 -0.049575 -1.141189 1.000000
4097.321724