3
0.91108837872 0.0194947003476 0.411749830383 0.0
-0.119186729504 -0.943757162944 0.308410344997 0.0
0.394604219025 -0.330064196861 -0.857522673915 0.0
-0.121615070071 -0.00650457742636 0.0568020617722 1.0
0.908136 0.024188 0.417976 0.000000
-0.113674 -0.946583 0.301759 0.000000
0.402948 -0.321551 -0.856877 0.000000
-0.128563 0.002507 0.052332 1.000000
0.122541 0.942263 -0.311647 0.000000
-0.902476 -0.024860 -0.430023 0.000000
-0.412942 0.333949 0.847323 0.000000
-0.117799 0.031345 0.048945 1.000000
4054.865185