3
0.96032884168 -0.0124037311223 -0.278594083376 0.0
0.0980253641924 -0.920243600251 0.378870352722 0.0
-0.26107382828 -0.391149413461 -0.882520590432 0.0
0.00496469633262 -0.204629175346 -0.5043891131 1.0
0.961763 -0.003940 -0.273854 0.000000
0.099019 -0.927258 0.361091 0.000000
-0.255356 -0.374401 -0.891413 0.000000
0.007868 -0.208406 -0.500110 1.000000
-0.098771 0.922123 -0.374077 0.000000
-0.965312 0.002518 0.261086 0.000000
0.241695 0.386889 0.889888 0.000000
0.014173 -0.180286 -0.511446 1.000000
4104.849467