3
0.683774555533 -0.0567157761891 0.727485860987 0.0
-0.501151604751 -0.761150918293 0.411699342526 0.0
0.530376683368 -0.646090241617 -0.548878833102 0.0
-0.509926442921 -0.0633540367941 -1.17599491614 1.0
0.678413 -0.043129 0.733413 0.000000
-0.485368 -0.775709 0.403353 0.000000
0.551519 -0.629615 -0.547185 0.000000
-0.508937 -0.072654 -1.141842 1.000000
0.495318 0.767010 -0.407867 0.000000
-0.669514 0.037879 -0.741833 0.000000
-0.553544 0.640516 0.532286 0.000000
-0.489574 -0.048848 -1.146003 1.000000
4096.686039