3
0.978422854987 -0.0339503014899 0.203804057535 0.0
-0.110814921365 -0.918757982631 0.378950950065 0.0
0.174381105748 -0.393358801073 -0.902696008397 0.0
-0.226098994065 -0.204495297596 0.0692846056337 1.0
0.976842 -0.031411 0.211643 0.000000
-0.108246 -0.925788 0.362215 0.000000
0.184559 -0.376736 -0.907749 0.000000
-0.220644 -0.209224 0.066091 1.000000
0.114442 0.920516 -0.373568 0.000000
-0.973995 0.029950 -0.224581 0.000000
-0.195542 0.389555 0.900006 0.000000
-0.208974 -0.181391 0.059152 1.000000
4067.980208