3
0.682191785223 -0.0705079168633 0.727765760278 0.0
-0.509386658667 -0.759878377478 0.403868893842 0.0
0.524537510714 -0.646230210607 -0.554298579065 0.0
-0.506757895272 -0.0587068494513 -1.16227977728 1.0
0.671747 -0.048552 0.739187 0.000000
-0.491097 -0.776246 0.395305 0.000000
0.554598 -0.628558 -0.545285 0.000000
-0.511081 -0.073347 -1.137314 1.000000
0.501063 0.767540 -0.399772 0.000000
-0.662789 0.043318 -0.747552 0.000000
-0.556459 0.639535 0.530422 0.000000
-0.491615 -0.049575 -1.141189 1.000000
4097.321724