3
0.835556835797 -0.00104097774182 0.549403031042 0.0
-0.327078897768 -0.804419390644 0.495912127892 0.0
0.441434217962 -0.594060906239 -0.672478602553 0.0
-0.509365961045 -0.0575919101439 -0.845089141249 1.0
0.831708 0.010656 0.555112 0.000000
-0.318612 -0.809646 0.492910 0.000000
0.454696 -0.586822 -0.669993 0.000000
-0.501763 -0.051062 -0.821350 1.000000
0.327863 0.801724 -0.499745 0.000000
-0.824644 -0.015229 -0.565447 0.000000
-0.460943 0.597501 0.656143 0.000000
-0.485742 -0.025853 -0.829522 1.000000
4091.466793