3
0.903334480216 0.0134150299254 0.428727015506 0.0
-0.0493717796203 -0.989615802559 0.134992557953 0.0
0.426085958733 -0.143110447898 -0.893291752717 0.0
-0.0968218030597 0.0892486796996 0.0885452418364 1.0
0.901788 0.016608 0.431859 0.000000
-0.041909 -0.991192 0.125629 0.000000
0.430142 -0.131390 -0.893149 0.000000
-0.091426 0.090025 0.088814 1.000000
0.051124 0.989393 -0.135969 0.000000
-0.896041 -0.014680 -0.443729 0.000000
-0.441018 0.144519 0.885786 0.000000
-0.082894 0.119726 0.090830 1.000000
4058.311238