3
0.999993884574 -0.00102258067584 -0.00334441968921 0.0
-0.000649804835367 -0.99397329908 0.109620520293 0.0
-0.00343635969772 -0.109617676696 -0.993967884988 0.0
-0.199424899915 0.0791846655598 0.0543088874204 1.0
0.999961 0.004622 0.007496 0.000000
0.003874 -0.995293 0.096830 0.000000
0.007908 -0.096797 -0.995273 0.000000
-0.206267 0.079836 0.062184 1.000000
0.000047 0.993913 -0.110163 0.000000
-0.999785 -0.002237 -0.020607 0.000000
-0.020728 0.110141 0.993700 0.000000
-0.197341 0.109480 0.061415 1.000000
4061.924547