3
0.998361 0.003290 -0.057136 0.000000
0.019111 -0.960205 0.278642 0.000000
-0.053946 -0.279277 -0.958694 0.000000
-0.079239 0.073121 0.017274 1.000000
0.998521 0.009162 -0.053590 0.000000
0.023068 -0.963971 0.265005 0.000000
-0.049231 -0.265849 -0.962757 0.000000
-0.080677 0.062561 0.022996 1.000000
-0.019917 0.960340 -0.278118 0.000000
-0.999147 -0.009058 0.040277 0.000000
0.036160 0.278683 0.959702 0.000000
-0.072214 0.091664 0.016639 1.000000
4051.586426
