3
0.995099011161 0.0248337309258 0.095714386564 0.0
0.0129957949685 -0.992399076367 0.122373128341 0.0
0.0980258501628 -0.120529494462 -0.987858073645 0.0
-0.153303005422 -0.305829607433 -0.538029342236 1.0
0.995376 0.024872 0.092775 0.000000
0.015100 -0.994401 0.104585 0.000000
0.094857 -0.102701 -0.990179 0.000000
-0.128800 -0.307232 -0.522374 1.000000
-0.010027 0.993019 -0.117524 0.000000
-0.994127 -0.022564 -0.105842 0.000000
-0.107755 0.115773 0.987414 0.000000
-0.120423 -0.277419 -0.522610 1.000000
4082.232750