3
0.841727970309 0.000977989377122 0.53990097938 0.0
-0.317219916142 -0.808289908821 0.496023132627 0.0
0.43688161875 -0.588783888057 -0.680049986665 0.0
-0.50836368373 -0.0586921454354 -0.84515219587 1.0
0.839583 0.007177 0.543183 0.000000
-0.310968 -0.813525 0.491403 0.000000
0.445420 -0.581486 -0.680790 0.000000
-0.497005 -0.050827 -0.817858 1.000000
0.320124 0.805661 -0.498429 0.000000
-0.832666 -0.011668 -0.553653 0.000000
-0.451872 0.592263 0.667111 0.000000
-0.481119 -0.025545 -0.826072 1.000000
4089.359063