3
0.981592065103 0.0978941128468 0.163993171801 0.0
0.102577439345 -0.9945175228 -0.0203166380522 0.0
0.161105203718 0.0367646503351 -0.986252236409 0.0
-0.0358867019219 -0.43922908429 -0.493532253262 1.0
0.980011 0.096233 0.174120 0.000000
0.102676 -0.994310 -0.028361 0.000000
0.170401 0.045672 -0.984316 0.000000
-0.032870 -0.427792 -0.481339 1.000000
-0.096638 0.995194 0.015798 0.000000
-0.978113 -0.092017 -0.186621 0.000000
-0.184270 -0.033487 0.982305 0.000000
-0.027373 -0.397638 -0.476923 1.000000
4078.318321