3
0.867407796285 0.0311204705826 0.496623832749 0.0
-0.117168936169 -0.957205315426 0.264630732375 0.0
0.483606405397 -0.287731646558 -0.826641000815 0.0
-0.0815549959806 -0.000732236156011 0.100865540514 1.0
0.862736 0.033271 0.504559 0.000000
-0.116314 -0.958018 0.262055 0.000000
0.492095 -0.284772 -0.822646 0.000000
-0.089599 0.018879 0.097266 1.000000
0.126205 0.954225 -0.271157 0.000000
-0.855927 -0.033429 -0.516015 0.000000
-0.501459 0.297214 0.812528 0.000000
-0.079349 0.048063 0.095766 1.000000
4056.002717