3
0.945719084158 -0.0253195826289 -0.323997426834 0.0
0.100984816996 -0.924711571067 0.367029395377 0.0
-0.308897200692 -0.379825524511 -0.871960486682 0.0
-0.0688629592751 -0.160280767734 -0.517945735958 1.0
0.943636 -0.027447 -0.329845 0.000000
0.089583 -0.938182 0.334350 0.000000
-0.318631 -0.345053 -0.882843 0.000000
-0.044491 -0.182098 -0.495377 1.000000
-0.090252 0.933349 -0.347440 0.000000
-0.947961 0.026445 0.317287 0.000000
0.305327 0.357995 0.882392 0.000000
-0.037944 -0.153926 -0.506436 1.000000
4103.009348