3
0.9983308245 0.0106166608923 -0.0567701626183 0.0
0.0261392581762 -0.959580077966 0.28021922338 0.0
-0.0515005246013 -0.281235418256 -0.958255882051 0.0
-0.0785979305082 0.0698653458207 0.0227321097003 1.0
0.998521 0.009162 -0.053590 0.000000
0.023068 -0.963971 0.265005 0.000000
-0.049231 -0.265849 -0.962757 0.000000
-0.080677 0.062561 0.022996 1.000000
-0.019917 0.960340 -0.278118 0.000000
-0.999147 -0.009058 0.040277 0.000000
0.036160 0.278683 0.959702 0.000000
-0.072214 0.091664 0.016639 1.000000
4051.586426