3
0.911056587372 0.0195169195039 0.41181911619 0.0
-0.119156795061 -0.943785465567 0.308335293431 0.0
0.394686651404 -0.32998194623 -0.857516391893 0.0
-0.121787374128 -0.00662511886487 0.0568936245435 1.0
0.908136 0.024188 0.417976 0.000000
-0.113674 -0.946583 0.301759 0.000000
0.402948 -0.321551 -0.856877 0.000000
-0.128563 0.002507 0.052332 1.000000
0.122541 0.942263 -0.311647 0.000000
-0.902476 -0.024860 -0.430023 0.000000
-0.412942 0.333949 0.847323 0.000000
-0.117799 0.031345 0.048945 1.000000
4054.865185