3
0.981582016544 0.0978753022025 0.164064530034 0.0
0.102556574406 -0.994520236991 -0.0202890921771 0.0
0.161179694263 0.0367413041948 -0.986240935433 0.0
-0.0360169141338 -0.439244443381 -0.49347399527 1.0
0.980011 0.096233 0.174120 0.000000
0.102676 -0.994310 -0.028361 0.000000
0.170401 0.045672 -0.984316 0.000000
-0.032870 -0.427792 -0.481339 1.000000
-0.096638 0.995194 0.015798 0.000000
-0.978113 -0.092017 -0.186621 0.000000
-0.184270 -0.033487 0.982305 0.000000
-0.027373 -0.397638 -0.476923 1.000000
4078.318321