3
0.757255944699 0.0145585561465 0.652955957674 0.0
-0.382235208801 -0.80077502095 0.461145975777 0.0
0.529584440266 -0.59878828835 -0.600826852232 0.0
-0.518364725977 -0.0447746574778 -0.836948666621 1.0
0.747997 0.030865 0.662984 0.000000
-0.367554 -0.812489 0.452510 0.000000
0.552634 -0.582159 -0.596394 0.000000
-0.522517 -0.051249 -0.818162 1.000000
0.377797 0.804706 -0.457949 0.000000
-0.739507 -0.035366 -0.672220 0.000000
-0.557135 0.592619 0.581724 0.000000
-0.506006 -0.025782 -0.824314 1.000000
4093.139628