3
0.645168007518 -0.0652598483416 0.761248575873 0.0
-0.507295874732 -0.781620194676 0.362933556941 0.0
0.571322271187 -0.620331381979 -0.537382395485 0.0
-0.511365974716 -0.103222416438 -1.15344194504 1.0
0.629181 -0.036421 0.776405 0.000000
-0.508880 -0.774351 0.376061 0.000000
0.587513 -0.631708 -0.505741 0.000000
-0.516277 -0.076162 -1.140576 1.000000
0.519124 0.765649 -0.379857 0.000000
-0.619740 0.031140 -0.784189 0.000000
-0.588585 0.642504 0.490669 0.000000
-0.496739 -0.052330 -1.143626 1.000000
4097.857025