3
0.999994097886 -0.000880031965943 -0.00332110485192 0.0
-0.000510762017284 -0.993976344893 0.109593635377 0.0
-0.00339754556412 -0.109591292248 -0.993970927818 0.0
-0.199553535315 0.079077164893 0.0543237510113 1.0
0.999961 0.004622 0.007496 0.000000
0.003874 -0.995293 0.096830 0.000000
0.007908 -0.096797 -0.995273 0.000000
-0.206267 0.079836 0.062184 1.000000
0.000047 0.993913 -0.110163 0.000000
-0.999785 -0.002237 -0.020607 0.000000
-0.020728 0.110141 0.993700 0.000000
-0.197341 0.109480 0.061415 1.000000
4061.924547