3
0.757224323147 0.0145923176827 0.65299187491 0.0
-0.382068344924 -0.800965017547 0.460954249869 0.0
0.529750039397 -0.598533294755 -0.600934930611 0.0
-0.518457903136 -0.0451954217006 -0.837087806153 1.0
0.747997 0.030865 0.662984 0.000000
-0.367554 -0.812489 0.452510 0.000000
0.552634 -0.582159 -0.596394 0.000000
-0.522517 -0.051249 -0.818162 1.000000
0.377797 0.804706 -0.457949 0.000000
-0.739507 -0.035366 -0.672220 0.000000
-0.557135 0.592619 0.581724 0.000000
-0.506006 -0.025782 -0.824314 1.000000
4093.139628