3
0.975627728301 0.0198899728363 -0.218529002083 0.0
0.0914093205813 -0.942199427495 0.322342325703 0.0
-0.199486520551 -0.334461698569 -0.921054015956 0.0
-0.00796464652192 -0.230170642759 -0.471293008794 1.0
0.976815 0.021821 -0.212970 0.000000
0.087511 -0.948583 0.304190 0.000000
-0.195382 -0.315774 -0.928500 0.000000
-0.004079 -0.231638 -0.452139 1.000000
-0.086401 0.944332 -0.317447 0.000000
-0.979552 -0.022411 0.199939 0.000000
0.181695 0.328231 0.926958 0.000000
0.002580 -0.202773 -0.461167 1.000000
4105.685898