3
0.928051977245 0.0368069580581 0.370627542649 0.0
-0.0104648306464 -0.992135189116 0.124732729619 0.0
0.372303659465 -0.119637010817 -0.92036784537 0.0
-0.118328443634 0.0953838189754 0.0665773340663 1.0
0.926679 0.039912 0.373728 0.000000
-0.002719 -0.993608 0.112852 0.000000
0.375844 -0.105594 -0.920647 0.000000
-0.113852 0.093245 0.068249 1.000000
0.011303 0.992245 -0.123784 0.000000
-0.921769 -0.037642 -0.385909 0.000000
-0.387576 0.118462 0.914195 0.000000
-0.106142 0.123176 0.070172 1.000000
4059.181095