3
0.999981165899 -0.00610341361129 -0.000645127553199 0.0
-0.00522805274446 -0.902158292109 0.431373484863 0.0
-0.00321485797065 -0.431361987571 -0.902173209737 0.0
-0.0193803784958 -0.017808467651 0.00605529898937 1.0
0.999993 -0.001849 -0.003155 0.000000
-0.000338 -0.905901 0.423490 0.000000
-0.003641 -0.423486 -0.905895 0.000000
-0.015761 -0.025200 0.000362 1.000000
0.004104 0.900116 -0.435632 0.000000
-0.999950 -0.000281 -0.010001 0.000000
-0.009124 0.435651 0.900069 0.000000
-0.006686 0.002408 -0.010336 1.000000
4047.303969