3
0.87592624242 0.0338498399823 0.481256071311 0.0
-0.0655735844436 -0.979925030769 0.188273840708 0.0
0.477967909868 -0.196471683468 -0.856122394714 0.0
-0.0663498184033 0.0577907763712 0.11607841872 1.0
0.870373 0.039531 0.490803 0.000000
-0.056981 -0.981989 0.180141 0.000000
0.489085 -0.184756 -0.852444 0.000000
-0.077911 0.062953 0.115778 1.000000
0.066866 0.979562 -0.189704 0.000000
-0.863818 -0.038319 -0.502344 0.000000
-0.499347 0.197459 0.843601 0.000000
-0.069339 0.092699 0.116634 1.000000
4057.207168