3
0.999952925963 -0.00838013791431 -0.0048907204344 0.0
-0.00550226642189 -0.904913621796 0.425559704569 0.0
-0.00799192855655 -0.425512761709 -0.90491713361 0.0
-0.0125259533894 -0.0221562864258 0.00889415441775 1.0
0.999991 -0.003289 -0.002528 0.000000
-0.001920 -0.907144 0.420815 0.000000
-0.003678 -0.420807 -0.907143 0.000000
-0.017417 -0.023186 0.002727 1.000000
0.005685 0.901390 -0.432971 0.000000
-0.999943 0.001199 -0.010634 0.000000
-0.009067 0.433007 0.901345 0.000000
-0.008295 0.004440 -0.007884 1.000000
4047.671995