3
0.867430838129 0.0311432812876 0.496582155431 0.0
-0.117097749552 -0.95722820654 0.264579435432 0.0
0.483582317824 -0.287653014298 -0.826682457328 0.0
-0.0816728140146 -0.000733205764126 0.101357807323 1.0
0.862736 0.033271 0.504559 0.000000
-0.116314 -0.958018 0.262055 0.000000
0.492095 -0.284772 -0.822646 0.000000
-0.089599 0.018879 0.097266 1.000000
0.126205 0.954225 -0.271157 0.000000
-0.855927 -0.033429 -0.516015 0.000000
-0.501459 0.297214 0.812528 0.000000
-0.079349 0.048063 0.095766 1.000000
4056.002717