3
0.999970442811 -0.00695211802183 -0.00328352834618 0.0
-0.00498309430125 -0.911254476643 0.4118136078 0.0
-0.00585510670906 -0.411785073616 -0.911262185582 0.0
-0.0126761261527 -0.0124581288601 0.0133048535338 1.0
0.999998 -0.001997 -0.000802 0.000000
-0.001502 -0.914701 0.404128 0.000000
-0.001541 -0.404126 -0.914702 0.000000
-0.023701 -0.013318 0.013665 1.000000
0.005296 0.909175 -0.416380 0.000000
-0.999923 0.000148 -0.012397 0.000000
-0.011209 0.416414 0.909106 0.000000
-0.014596 0.014509 0.003578 1.000000
4048.742610