3
0.684134055413 -0.0571713974492 0.727112113458 0.0
-0.501298006311 -0.760982295911 0.411832798814 0.0
0.52977438886 -0.646248695646 -0.549273811759 0.0
-0.50956649119 -0.0629566295191 -1.17539607744 1.0
0.678413 -0.043129 0.733413 0.000000
-0.485368 -0.775709 0.403353 0.000000
0.551519 -0.629615 -0.547185 0.000000
-0.508937 -0.072654 -1.141842 1.000000
0.495318 0.767010 -0.407867 0.000000
-0.669514 0.037879 -0.741833 0.000000
-0.553544 0.640516 0.532286 0.000000
-0.489574 -0.048848 -1.146003 1.000000
4096.686039