3
0.991100956121 -0.0943953096854 0.0938531847351 0.0
-0.126190869493 -0.890680545213 0.436765418543 0.0
0.0423645988066 -0.444722038905 -0.894666166165 0.0
0.121943134273 -0.236744601859 -0.174738804933 1.0
0.993038 -0.070366 0.094472 0.000000
-0.104049 -0.899956 0.423382 0.000000
0.055229 -0.430264 -0.901012 0.000000
0.122101 -0.241727 -0.144640 1.000000
0.108569 0.893820 -0.435086 0.000000
-0.991862 0.068122 -0.107556 0.000000
-0.066497 0.443222 0.893942 0.000000
0.134057 -0.214902 -0.154461 1.000000
4071.660437