3
0.995742415247 -0.00328556313804 -0.0921208312628 0.0
0.028280271204 -0.940281910498 0.339219921365 0.0
-0.0877340796858 -0.340380865891 -0.936185663956 0.0
-0.0497734289123 0.0239915427375 0.0169194620287 1.0
0.996679 0.000724 -0.081428 0.000000
0.027949 -0.942257 0.333721 0.000000
-0.076485 -0.334889 -0.939148 0.000000
-0.073663 0.027878 0.015029 1.000000
-0.025172 0.937669 -0.346617 0.000000
-0.997673 -0.001585 0.068165 0.000000
0.063367 0.347526 0.935527 0.000000
-0.065306 0.056404 0.006341 1.000000
4050.582735