3
0.999980429761 -0.00623136740716 -0.000556916075367 0.0
-0.00538201948124 -0.902222128015 0.431238061384 0.0
-0.00318966480708 -0.431226624619 -0.902238008653 0.0
-0.0194284915235 -0.0180451175222 0.00596364428731 1.0
0.999993 -0.001849 -0.003155 0.000000
-0.000338 -0.905901 0.423490 0.000000
-0.003641 -0.423486 -0.905895 0.000000
-0.015761 -0.025200 0.000362 1.000000
0.004104 0.900116 -0.435632 0.000000
-0.999950 -0.000281 -0.010001 0.000000
-0.009124 0.435651 0.900069 0.000000
-0.006686 0.002408 -0.010336 1.000000
4047.303969