3
0.999938317188 -0.0098606885443 -0.00511161820398 0.0
-0.00678530236957 -0.90669410592 0.42173422669 0.0
-0.00879326395512 -0.421673529062 -0.906705086231 0.0
-0.0100852867034 -0.0104840349307 0.00999103922768 1.0
0.999989 -0.003953 -0.002456 0.000000
-0.002591 -0.911277 0.411785 0.000000
-0.003866 -0.411775 -0.911278 0.000000
-0.019702 -0.018488 0.008883 1.000000
0.006353 0.905641 -0.423998 0.000000
-0.999940 0.001993 -0.010726 0.000000
-0.008869 0.424041 0.905600 0.000000
-0.010560 0.009236 -0.001452 1.000000
4048.374584