3
0.669647094772 -0.0552685119677 0.740620118582 0.0
-0.504721941097 -0.765419237854 0.39923571045 0.0
0.544819723063 -0.641154257498 -0.540455999553 0.0
-0.518311023494 -0.0713536822434 -1.18224816425 1.0
0.665373 -0.041632 0.745349 0.000000
-0.492576 -0.774723 0.396450 0.000000
0.560934 -0.630929 -0.535987 0.000000
-0.515932 -0.071739 -1.146480 1.000000
0.502603 0.766012 -0.400769 0.000000
-0.656329 0.036362 -0.753598 0.000000
-0.562692 0.641797 0.521031 0.000000
-0.496494 -0.047945 -1.150352 1.000000
4095.950003