3
0.98975794715 0.00510111423646 0.142664588063 0.0
-0.042217069029 -0.944202582709 0.326648437755 0.0
0.136370543506 -0.329325767954 -0.934316655864 0.0
-0.261759806236 -0.130809792029 0.0149280382055 1.0
0.988771 0.010905 0.149040 0.000000
-0.036091 -0.950386 0.308973 0.000000
0.145015 -0.310882 -0.939320 0.000000
-0.255083 -0.143209 0.017001 1.000000
0.041807 0.946158 -0.320994 0.000000
-0.986693 -0.011428 -0.162195 0.000000
-0.157130 0.323503 0.933089 0.000000
-0.245356 -0.114401 0.011133 1.000000
4065.136385