3
0.956823257403 -0.0186968734151 -0.29006840748 0.0
0.0959919229055 -0.921616000071 0.376044544103 0.0
-0.274362542688 -0.387652389825 -0.880028874431 0.0
0.00511850153932 -0.2087445003 -0.507048024243 1.0
0.958318 -0.009751 -0.285538 0.000000
0.097339 -0.928482 0.358395 0.000000
-0.268611 -0.371250 -0.888831 0.000000
0.008164 -0.212428 -0.504143 1.000000
-0.097282 0.923366 -0.371391 0.000000
-0.962031 0.008373 0.272812 0.000000
0.255015 0.383829 0.887492 0.000000
0.014514 -0.184331 -0.515511 1.000000
4104.447981