3
0.835692506281 0.00303100489677 0.549189264239 0.0
-0.329751034922 -0.796900945906 0.506175006675 0.0
0.439183663077 -0.604102388196 -0.66496467174 0.0
-0.508269424444 -0.0603695046987 -0.844972038591 1.0
0.831117 0.014215 0.555915 0.000000
-0.321609 -0.803248 0.501359 0.000000
0.453665 -0.595475 -0.663022 0.000000
-0.500720 -0.056088 -0.823552 1.000000
0.330843 0.795224 -0.508097 0.000000
-0.824056 -0.018922 -0.566192 0.000000
-0.459863 0.606021 0.649049 0.000000
-0.484613 -0.031018 -0.831981 1.000000
4090.396191