3
0.968579378657 0.090358491431 0.231709581733 0.0
0.0989257072377 -0.994765457792 -0.0256005552781 0.0
0.228183460593 0.0477182041712 -0.972448086688 0.0
-0.144998297923 -0.400594510307 -0.538620215907 1.0
0.968383 0.089448 0.232882 0.000000
0.100337 -0.994327 -0.035311 0.000000
0.228402 0.057561 -0.971864 0.000000
-0.126938 -0.391521 -0.521977 1.000000
-0.093564 0.995344 0.023139 0.000000
-0.965734 -0.085081 -0.245192 0.000000
-0.242082 -0.045287 0.969198 0.000000
-0.121596 -0.361451 -0.516849 1.000000
4079.556228