3
0.998335204321 0.0104091065869 -0.0567315636417 0.0
0.0259281357801 -0.959589802673 0.280205535958 0.0
-0.0515223406702 -0.281209994677 -0.958262170445 0.0
-0.0785887223306 0.0698937539651 0.0229888130964 1.0
0.998521 0.009162 -0.053590 0.000000
0.023068 -0.963971 0.265005 0.000000
-0.049231 -0.265849 -0.962757 0.000000
-0.080677 0.062561 0.022996 1.000000
-0.019917 0.960340 -0.278118 0.000000
-0.999147 -0.009058 0.040277 0.000000
0.036160 0.278683 0.959702 0.000000
-0.072214 0.091664 0.016639 1.000000
4051.586426