3
0.999995 -0.000555 0.002992 0.000000
-0.000883 -0.993859 0.110655 0.000000
0.002913 -0.110657 -0.993854 0.000000
-0.204453 0.091197 0.058450 1.000000
0.999961 0.004622 0.007496 0.000000
0.003874 -0.995293 0.096830 0.000000
0.007908 -0.096797 -0.995273 0.000000
-0.206267 0.079836 0.062184 1.000000
0.000047 0.993913 -0.110163 0.000000
-0.999785 -0.002237 -0.020607 0.000000
-0.020728 0.110141 0.993700 0.000000
-0.197341 0.109480 0.061415 1.000000
4061.924547
