3
0.999741433775 -0.00792651774906 -0.0213128109243 0.0
0.00117031174135 -0.918098701991 0.396350102527 0.0
-0.0227089401679 -0.39627256241 -0.917852036179 0.0
-0.0291472100422 -0.0104171636118 0.0191769976045 1.0
0.999799 -0.003598 -0.019744 0.000000
0.004413 -0.920312 0.391160 0.000000
-0.019578 -0.391168 -0.920111 0.000000
-0.042078 -0.003998 0.022878 1.000000
-0.000862 0.914953 -0.403559 0.000000
-0.999977 0.001935 0.006522 0.000000
0.006748 0.403555 0.914930 0.000000
-0.033113 0.023955 0.013014 1.000000
4049.378296