3
0.995113899768 0.0247106513128 0.0955913709489 0.0
0.0128756137527 -0.992385197448 0.12249832022 0.0
0.0978904748108 -0.120668983579 -0.987854468706 0.0
-0.153155659518 -0.305622198 -0.537877643162 1.0
0.995376 0.024872 0.092775 0.000000
0.015100 -0.994401 0.104585 0.000000
0.094857 -0.102701 -0.990179 0.000000
-0.128800 -0.307232 -0.522374 1.000000
-0.010027 0.993019 -0.117524 0.000000
-0.994127 -0.022564 -0.105842 0.000000
-0.107755 0.115773 0.987414 0.000000
-0.120423 -0.277419 -0.522610 1.000000
4082.232750