3
0.808881333513 -0.000634186482045 0.587971586135 0.0
-0.346712189305 -0.808154827352 0.476105484967 0.0
0.474870136018 -0.588969755451 -0.653921234617 0.0
-0.50655550661 -0.0555578389907 -0.838221756198 1.0
0.803300 0.012418 0.595445 0.000000
-0.338103 -0.813554 0.473092 0.000000
0.490302 -0.581357 -0.649329 0.000000
-0.503017 -0.049204 -0.815116 1.000000
0.347722 0.805711 -0.479498 0.000000
-0.795711 -0.016906 -0.605440 0.000000
-0.495916 0.592067 0.635235 0.000000
-0.486750 -0.023874 -0.822380 1.000000
4092.035586