3
0.728929233514 0.0278762367858 0.684021262792 0.0
-0.408250620982 -0.784362628278 0.46701894804 0.0
0.549539446261 -0.619675869131 -0.56036435845 0.0
-0.512201517886 -0.0508029472792 -0.868694379609 1.0
0.722831 0.039215 0.689911 0.000000
-0.392600 -0.798299 0.456710 0.000000
0.568666 -0.600983 -0.561640 0.000000
-0.510464 -0.060999 -0.844817 1.000000
0.402959 0.790297 -0.461579 0.000000
-0.714047 -0.044009 -0.698714 0.000000
-0.572505 0.611142 0.546575 0.000000
-0.493474 -0.035838 -0.850919 1.000000
4093.842225