3
0.835798108838 0.00254396654131 0.549031009595 0.0
-0.329786371883 -0.797167264016 0.50573244122 0.0
0.438956114188 -0.603753162655 -0.665431926196 0.0
-0.507998334876 -0.0607364404521 -0.844546959622 1.0
0.831117 0.014215 0.555915 0.000000
-0.321609 -0.803248 0.501359 0.000000
0.453665 -0.595475 -0.663022 0.000000
-0.500720 -0.056088 -0.823552 1.000000
0.330843 0.795224 -0.508097 0.000000
-0.824056 -0.018922 -0.566192 0.000000
-0.459863 0.606021 0.649049 0.000000
-0.484613 -0.031018 -0.831981 1.000000
4090.396191