3
0.993185 -0.067925 -0.094708 0.000000
-0.026611 -0.923307 0.383141 0.000000
-0.113469 -0.378009 -0.918822 0.000000
0.161989 -0.262172 -0.337787 1.000000
0.993858 -0.061725 -0.091847 0.000000
-0.023502 -0.928786 0.369870 0.000000
-0.108136 -0.365439 -0.924533 0.000000
0.160172 -0.271928 -0.330872 1.000000
0.025838 0.923551 -0.382605 0.000000
-0.995071 0.060418 0.078639 0.000000
0.095743 0.378687 0.920559 0.000000
0.170088 -0.244304 -0.340751 1.000000
4073.667835
