3
0.683279678316 -0.0643062278477 0.727319455439 0.0
-0.496469659634 -0.771327444246 0.398210812027 0.0
0.535394021505 -0.633181398031 -0.558958459033 0.0
-0.510128454319 -0.0764357254964 -1.17200638418 1.0
0.678237 -0.048250 0.733258 0.000000
-0.486268 -0.777593 0.398613 0.000000
0.550943 -0.626914 -0.550855 0.000000
-0.508887 -0.072030 -1.138801 1.000000
0.496210 0.768911 -0.403177 0.000000
-0.669342 0.043042 -0.741706 0.000000
-0.552953 0.637906 0.536022 0.000000
-0.489498 -0.048219 -1.142816 1.000000
4097.020607