3
0.928032362194 0.0365867752777 0.370698452377 0.0
-0.0107360937072 -0.992124204103 0.124797034922 0.0
0.372344828099 -0.119795540436 -0.920330569676 0.0
-0.118363976297 0.0955784907033 0.0665782128907 1.0
0.926679 0.039912 0.373728 0.000000
-0.002719 -0.993608 0.112852 0.000000
0.375844 -0.105594 -0.920647 0.000000
-0.113852 0.093245 0.068249 1.000000
0.011303 0.992245 -0.123784 0.000000
-0.921769 -0.037642 -0.385909 0.000000
-0.387576 0.118462 0.914195 0.000000
-0.106142 0.123176 0.070172 1.000000
4059.181095