3
0.981948237515 0.0220732840037 0.18785746984 0.0
-0.00364255224724 -0.990776616091 0.135456372387 0.0
0.189114755254 -0.133695426775 -0.972810948851 0.0
-0.167911736664 0.0869442451671 0.0599766878071 1.0
0.981599 0.025897 0.189188 0.000000
0.003102 -0.992793 0.119804 0.000000
0.190927 -0.117012 -0.974605 0.000000
-0.157925 0.080228 0.066950 1.000000
0.003208 0.991223 -0.132164 0.000000
-0.979076 -0.023778 -0.202102 0.000000
-0.203471 0.130047 0.970406 0.000000
-0.149514 0.110032 0.067105 1.000000
4060.485908