3
0.999937291638 -0.0100034799078 -0.00503420111657 0.0
-0.00694758114098 -0.906700386857 0.421718080699 0.0
-0.00878316044693 -0.421656659929 -0.90671302915 0.0
-0.0101750112919 -0.0104632557494 0.0100763939882 1.0
0.999989 -0.003953 -0.002456 0.000000
-0.002591 -0.911277 0.411785 0.000000
-0.003866 -0.411775 -0.911278 0.000000
-0.019702 -0.018488 0.008883 1.000000
0.006353 0.905641 -0.423998 0.000000
-0.999940 0.001993 -0.010726 0.000000
-0.008869 0.424041 0.905600 0.000000
-0.010560 0.009236 -0.001452 1.000000
4048.374584