3
0.981966595991 0.0220032814756 0.187769699263 0.0
-0.00367645327383 -0.990793763626 0.135329973216 0.0
0.189018750521 -0.13357983966 -0.972845485361 0.0
-0.167673876445 0.0867095125172 0.059974885606 1.0
0.981599 0.025897 0.189188 0.000000
0.003102 -0.992793 0.119804 0.000000
0.190927 -0.117012 -0.974605 0.000000
-0.157925 0.080228 0.066950 1.000000
0.003208 0.991223 -0.132164 0.000000
-0.979076 -0.023778 -0.202102 0.000000
-0.203471 0.130047 0.970406 0.000000
-0.149514 0.110032 0.067105 1.000000
4060.485908