3
0.968593393405 0.0904674698056 0.23160845226 0.0
0.099039433635 -0.994753383934 -0.0256299773283 0.0
0.228074612433 0.0477633966503 -0.972471402718 0.0
-0.14481555131 -0.40065619941 -0.538687714191 1.0
0.968383 0.089448 0.232882 0.000000
0.100337 -0.994327 -0.035311 0.000000
0.228402 0.057561 -0.971864 0.000000
-0.126938 -0.391521 -0.521977 1.000000
-0.093564 0.995344 0.023139 0.000000
-0.965734 -0.085081 -0.245192 0.000000
-0.242082 -0.045287 0.969198 0.000000
-0.121596 -0.361451 -0.516849 1.000000
4079.556228