3
0.956826605655 -0.0187228016031 -0.290055690188 0.0
0.0959714849437 -0.92160512932 0.376076401399 0.0
-0.274358015717 -0.387676981921 -0.880019452569 0.0
0.00515547285074 -0.20878664992 -0.507507423644 1.0
0.958318 -0.009751 -0.285538 0.000000
0.097339 -0.928482 0.358395 0.000000
-0.268611 -0.371250 -0.888831 0.000000
0.008164 -0.212428 -0.504143 1.000000
-0.097282 0.923366 -0.371391 0.000000
-0.962031 0.008373 0.272812 0.000000
0.255015 0.383829 0.887492 0.000000
0.014514 -0.184331 -0.515511 1.000000
4104.447981