3
0.945674377761 -0.0251117183095 -0.324144061878 0.0
0.101235750121 -0.924700688575 0.366987682963 0.0
-0.308951928533 -0.379865815984 -0.871923544643 0.0
-0.068887285981 -0.160409687895 -0.518003991775 1.0
0.943636 -0.027447 -0.329845 0.000000
0.089583 -0.938182 0.334350 0.000000
-0.318631 -0.345053 -0.882843 0.000000
-0.044491 -0.182098 -0.495377 1.000000
-0.090252 0.933349 -0.347440 0.000000
-0.947961 0.026445 0.317287 0.000000
0.305327 0.357995 0.882392 0.000000
-0.037944 -0.153926 -0.506436 1.000000
4103.009348