3
0.960353495927 -0.0125879024858 -0.278500821491 0.0
0.097795292105 -0.920287537102 0.378823085223 0.0
-0.261069423147 -0.391040143421 -0.882570315913 0.0
0.00485777929761 -0.20466182124 -0.503619029281 1.0
0.961763 -0.003940 -0.273854 0.000000
0.099019 -0.927258 0.361091 0.000000
-0.255356 -0.374401 -0.891413 0.000000
0.007868 -0.208406 -0.500110 1.000000
-0.098771 0.922123 -0.374077 0.000000
-0.965312 0.002518 0.261086 0.000000
0.241695 0.386889 0.889888 0.000000
0.014173 -0.180286 -0.511446 1.000000
4104.849467