3
0.839762146487 -0.00130489068692 0.542952884317 0.0
-0.331379772997 -0.793379044216 0.510624263276 0.0
0.430101131569 -0.60872653093 -0.666682103528 0.0
-0.506805522008 -0.0517479901972 -0.850133174212 1.0
0.834321 0.010057 0.551188 0.000000
-0.320928 -0.804085 0.500453 0.000000
0.448235 -0.594430 -0.667637 0.000000
-0.502255 -0.054692 -0.826584 1.000000
0.330101 0.796058 -0.507271 0.000000
-0.827331 -0.014748 -0.561521 0.000000
-0.454485 0.605040 0.653736 0.000000
-0.486129 -0.029636 -0.835020 1.000000
4090.764205