3
0.999906560271 -0.0101066895247 -0.009204648527 0.0
-0.00524378298978 -0.905410759648 0.424504250925 0.0
-0.0126243204811 -0.424416318184 -0.905379155598 0.0
-0.00688609248149 -0.0162857502602 0.00937702376036 1.0
0.999982 -0.004349 -0.004064 0.000000
-0.002259 -0.909030 0.416725 0.000000
-0.005507 -0.416708 -0.909024 0.000000
-0.019669 -0.021428 0.004673 1.000000
0.006000 0.903326 -0.428913 0.000000
-0.999956 0.002317 -0.009108 0.000000
-0.007234 0.428948 0.903300 0.000000
-0.010534 0.006236 -0.005827 1.000000
4048.006563