3
0.999971450139 -0.00680808953587 -0.00327853981197 0.0
-0.00485368869653 -0.911240285124 0.411846554523 0.0
-0.00579142577128 -0.411818883349 -0.911247313688 0.0
-0.0127126369885 -0.0124723716353 0.0131429945069 1.0
0.999998 -0.001997 -0.000802 0.000000
-0.001502 -0.914701 0.404128 0.000000
-0.001541 -0.404126 -0.914702 0.000000
-0.023701 -0.013318 0.013665 1.000000
0.005296 0.909175 -0.416380 0.000000
-0.999923 0.000148 -0.012397 0.000000
-0.011209 0.416414 0.909106 0.000000
-0.014596 0.014509 0.003578 1.000000
4048.742610