3
0.645243422147 -0.0650047920979 0.761206478677 0.0
-0.50716558507 -0.781600968565 0.363156984319 0.0
0.571352776747 -0.620382384456 -0.537291077127 0.0
-0.511368283218 -0.103244443721 -1.1533347295 1.0
0.629181 -0.036421 0.776405 0.000000
-0.508880 -0.774351 0.376061 0.000000
0.587513 -0.631708 -0.505741 0.000000
-0.516277 -0.076162 -1.140576 1.000000
0.519124 0.765649 -0.379857 0.000000
-0.619740 0.031140 -0.784189 0.000000
-0.588585 0.642504 0.490669 0.000000
-0.496739 -0.052330 -1.143626 1.000000
4097.857025