3
0.975618271593 0.0200128009069 -0.21856000534 0.0
0.0915328017403 -0.942196934897 0.322314570066 0.0
-0.199476149802 -0.334461393394 -0.921056372862 0.0
-0.00796849437255 -0.230164144038 -0.471462316437 1.0
0.976815 0.021821 -0.212970 0.000000
0.087511 -0.948583 0.304190 0.000000
-0.195382 -0.315774 -0.928500 0.000000
-0.004079 -0.231638 -0.452139 1.000000
-0.086401 0.944332 -0.317447 0.000000
-0.979552 -0.022411 0.199939 0.000000
0.181695 0.328231 0.926958 0.000000
0.002580 -0.202773 -0.461167 1.000000
4105.685898