3
0.841592552767 0.000885622308484 0.540112202047 0.0
-0.317358190193 -0.808355993111 0.495826953199 0.0
0.437042050888 -0.588693302216 -0.680025324294 0.0
-0.508425321311 -0.0588999655264 -0.845450717603 1.0
0.839583 0.007177 0.543183 0.000000
-0.310968 -0.813525 0.491403 0.000000
0.445420 -0.581486 -0.680790 0.000000
-0.497005 -0.050827 -0.817858 1.000000
0.320124 0.805661 -0.498429 0.000000
-0.832666 -0.011668 -0.553653 0.000000
-0.451872 0.592263 0.667111 0.000000
-0.481119 -0.025545 -0.826072 1.000000
4089.359063