3
0.991107165927 -0.0943483981966 0.0938347771703 0.0
-0.126140387206 -0.890688742014 0.436763285505 0.0
0.0423696632564 -0.444715577204 -0.894669138301 0.0
0.121933704118 -0.236733791698 -0.174777644554 1.0
0.993038 -0.070366 0.094472 0.000000
-0.104049 -0.899956 0.423382 0.000000
0.055229 -0.430264 -0.901012 0.000000
0.122101 -0.241727 -0.144640 1.000000
0.108569 0.893820 -0.435086 0.000000
-0.991862 0.068122 -0.107556 0.000000
-0.066497 0.443222 0.893942 0.000000
0.134057 -0.214902 -0.154461 1.000000
4071.660437