3
0.974787349847 0.0453336454009 0.218482226217 0.0
0.0423650928881 -0.998935407431 0.0182551550551 0.0
0.219077204388 -0.00853887440909 -0.975670162576 0.0
-0.170175438444 -0.341452503553 -0.537155659297 1.0
0.973738 0.045800 0.223016 0.000000
0.045631 -0.998941 0.005914 0.000000
0.223051 0.004418 -0.974797 0.000000
-0.155605 -0.337239 -0.522929 1.000000
-0.038915 0.999077 -0.018159 0.000000
-0.970958 -0.042100 -0.235515 0.000000
-0.236062 0.008467 0.971701 0.000000
-0.148587 -0.307321 -0.519102 1.000000
4080.693745