3
0.837502190888 0.00416661019936 0.546418081342 0.0
-0.325539765684 -0.799339734034 0.505054304558 0.0
0.438878048228 -0.60086490075 -0.668092381209 0.0
-0.513011310561 -0.0584634057195 -0.854251105269 1.0
0.834614 0.013275 0.550675 0.000000
-0.317028 -0.805960 0.499923 0.000000
0.450458 -0.591822 -0.668457 0.000000
-0.503399 -0.053541 -0.827392 1.000000
0.326233 0.797980 -0.506754 0.000000
-0.827610 -0.017925 -0.561017 0.000000
-0.456764 0.602417 0.654569 0.000000
-0.487389 -0.028407 -0.835815 1.000000
4091.098771