3
0.990960805003 -0.0667548418813 -0.116363542547 0.0
-0.0172705399506 -0.92366680497 0.382807212375 0.0
-0.133035376492 -0.377337282126 -0.916470492771 0.0
0.146023541399 -0.268289954358 -0.358519246331 1.0
0.992255 -0.051138 -0.113200 0.000000
-0.006291 -0.930841 0.365370 0.000000
-0.124055 -0.361829 -0.923954 0.000000
0.146799 -0.273589 -0.334339 1.000000
0.008409 0.925694 -0.378180 0.000000
-0.993735 0.049886 0.100014 0.000000
0.111448 0.374970 0.920314 0.000000
0.156224 -0.245815 -0.344280 1.000000
4074.303518