3
0.832207142867 0.0106655578222 0.554362261736 0.0
-0.326126738153 -0.799162593854 0.504955937925 0.0
0.448411219777 -0.601020294549 -0.661590495335 0.0
-0.513646958626 -0.058367872355 -0.856377171537 1.0
0.831955 0.012617 0.554699 0.000000
-0.318785 -0.807388 0.496489 0.000000
0.454122 -0.589886 -0.667688 0.000000
-0.499208 -0.053746 -0.821989 1.000000
0.328029 0.799432 -0.503295 0.000000
-0.824898 -0.017238 -0.565019 0.000000
-0.460369 0.600509 0.653796 0.000000
-0.483178 -0.028579 -0.830276 1.000000
4090.061611