3
0.997105368511 -0.0391773928741 -0.0651614608118 0.0
-0.0301199984237 -0.990443301073 0.134591430096 0.0
-0.0698116736835 -0.132239174407 -0.988756355716 0.0
-0.169078340106 0.0101331629876 0.0187903134739 1.0
0.998268 -0.033958 -0.048048 0.000000
-0.027914 -0.992223 0.121300 0.000000
-0.051794 -0.119749 -0.991452 0.000000
-0.181702 0.008953 0.018989 1.000000
0.031023 0.990388 -0.134792 0.000000
-0.998741 0.036034 0.034892 0.000000
0.039414 0.133540 0.990259 0.000000
-0.171730 0.038202 0.016986 1.000000
4063.262835