3
0.996146630289 -0.0604331051749 -0.0635588763508 0.0
-0.0240773146659 -0.885297980749 0.464400439492 0.0
-0.0843337054951 -0.461080605839 -0.883341667214 0.0
-0.0105028647321 -0.0183770226378 -0.470365399422 1.0
0.996821 -0.055081 -0.057563 0.000000
-0.023484 -0.893547 0.448354 0.000000
-0.076131 -0.445577 -0.892000 0.000000
-0.000980 -0.023098 -0.453025 1.000000
0.026262 0.887264 -0.460514 0.000000
-0.997623 0.052619 0.044489 0.000000
0.063705 0.458251 0.886537 0.000000
0.008897 0.003708 -0.464979 1.000000
4084.474351