3
0.910442065016 -0.0201586849492 0.41314510002 0.0
-0.259249714578 -0.806098322603 0.531972818655 0.0
0.322311699665 -0.591438180808 -0.739131954756 0.0
-0.354326089357 -0.0449617786522 -0.760140188961 1.0
0.905197 -0.010873 0.424853 0.000000
-0.253722 -0.815802 0.519704 0.000000
0.340945 -0.578229 -0.741221 0.000000
-0.357262 -0.045235 -0.741344 1.000000
0.261731 0.807913 -0.527991 0.000000
-0.899822 0.006431 -0.436211 0.000000
-0.349025 0.589267 0.728660 0.000000
-0.342261 -0.020056 -0.751343 1.000000
4086.849776