3
0.847626104012 -0.00618004878683 0.530558003234 0.0
-0.314957318783 -0.810570549018 0.493738060524 0.0
0.427003366665 -0.585608394801 -0.689007208087 0.0
-0.506313573072 -0.0512811040537 -0.835924782029 1.0
0.843440 0.001145 0.537222 0.000000
-0.308668 -0.817426 0.486353 0.000000
0.439696 -0.576033 -0.689096 0.000000
-0.498739 -0.046751 -0.812502 1.000000
0.317763 0.809611 -0.493514 0.000000
-0.836604 -0.005552 -0.547780 0.000000
-0.446229 0.586940 0.675560 0.000000
-0.482874 -0.021419 -0.820604 1.000000
4088.622976