3
0.669697491616 -0.0556652450031 0.740544833364 0.0
-0.504882245412 -0.765412407583 0.39904606825 0.0
0.544609206672 -0.641128089243 -0.540699163299 0.0
-0.518283085773 -0.0712145713945 -1.18192393063 1.0
0.665373 -0.041632 0.745349 0.000000
-0.492576 -0.774723 0.396450 0.000000
0.560934 -0.630929 -0.535987 0.000000
-0.515932 -0.071739 -1.146480 1.000000
0.502603 0.766012 -0.400769 0.000000
-0.656329 0.036362 -0.753598 0.000000
-0.562692 0.641797 0.521031 0.000000
-0.496494 -0.047945 -1.150352 1.000000
4095.950003