3
0.83743733636 0.00423536577544 0.54651694333 0.0
-0.32554631687 -0.799349271686 0.50503498634 0.0
0.438996928511 -0.600851731737 -0.668026117174 0.0
-0.513132009045 -0.0585007663385 -0.854427563286 1.0
0.834614 0.013275 0.550675 0.000000
-0.317028 -0.805960 0.499923 0.000000
0.450458 -0.591822 -0.668457 0.000000
-0.503399 -0.053541 -0.827392 1.000000
0.326233 0.797980 -0.506754 0.000000
-0.827610 -0.017925 -0.561017 0.000000
-0.456764 0.602417 0.654569 0.000000
-0.487389 -0.028407 -0.835815 1.000000
4091.098771