3
0.808981790947 -0.000549074395157 0.587833446168 0.0
-0.346833430006 -0.807834383163 0.476560784381 0.0
0.474610402063 -0.58940928725 -0.653713743436 0.0
-0.506200448456 -0.0550688264227 -0.838351579946 1.0
0.803300 0.012418 0.595445 0.000000
-0.338103 -0.813554 0.473092 0.000000
0.490302 -0.581357 -0.649329 0.000000
-0.503017 -0.049204 -0.815116 1.000000
0.347722 0.805711 -0.479498 0.000000
-0.795711 -0.016906 -0.605440 0.000000
-0.495916 0.592067 0.635235 0.000000
-0.486750 -0.023874 -0.822380 1.000000
4092.035586