3
0.847679506818 -0.00624981006424 0.530471859381 0.0
-0.314986149739 -0.810527751289 0.49378992483 0.0
0.426876070064 -0.585666888483 -0.689036368083 0.0
-0.506099203312 -0.0512293496365 -0.83592462744 1.0
0.843440 0.001145 0.537222 0.000000
-0.308668 -0.817426 0.486353 0.000000
0.439696 -0.576033 -0.689096 0.000000
-0.498739 -0.046751 -0.812502 1.000000
0.317763 0.809611 -0.493514 0.000000
-0.836604 -0.005552 -0.547780 0.000000
-0.446229 0.586940 0.675560 0.000000
-0.482874 -0.021419 -0.820604 1.000000
4088.622976