3
0.955920455084 0.0134686227198 0.293316688502 0.0
-0.0818373484676 -0.947142490414 0.310199534572 0.0
0.281990659326 -0.320530340303 -0.904290644095 0.0
-0.147070138319 0.0235677516235 0.0360092122502 1.0
0.953764 0.019249 0.299938 0.000000
-0.073354 -0.952860 0.294408 0.000000
0.291466 -0.302798 -0.907392 0.000000
-0.163199 0.017933 0.039550 1.000000
0.080902 0.948773 -0.305426 0.000000
-0.949676 -0.019658 -0.312617 0.000000
-0.302607 0.315347 0.899436 0.000000
-0.152986 0.046874 0.035413 1.000000
4053.593849