3
0.955929892591 0.0134701724065 0.293285858688 0.0
-0.0818381681607 -0.947128571974 0.310241812757 0.0
0.281958427225 -0.320571400168 -0.904286139842 0.0
-0.147073929291 0.0235639801218 0.0360924994096 1.0
0.953764 0.019249 0.299938 0.000000
-0.073354 -0.952860 0.294408 0.000000
0.291466 -0.302798 -0.907392 0.000000
-0.163199 0.017933 0.039550 1.000000
0.080902 0.948773 -0.305426 0.000000
-0.949676 -0.019658 -0.312617 0.000000
-0.302607 0.315347 0.899436 0.000000
-0.152986 0.046874 0.035413 1.000000
4053.593849