3
0.984766834137 -0.0609228645567 0.162857873491 0.0
-0.130392301745 -0.878359382223 0.459872420684 0.0
0.115030995951 -0.474102520806 -0.872923060605 0.0
0.0270212354399 -0.218343174176 -0.00228974546137 1.0
0.984411 -0.047949 0.169219 0.000000
-0.119592 -0.887956 0.444108 0.000000
0.128964 -0.457422 -0.879848 0.000000
0.033636 -0.226351 -0.004184 1.000000
0.125069 0.881541 -0.455239 0.000000
-0.982235 0.045315 -0.182101 0.000000
-0.139900 0.469927 0.871548 0.000000
0.045823 -0.199622 -0.013983 1.000000
4069.987621