3
0.99573659992 -0.00317687500889 -0.0921874777043 0.0
0.0283985886191 -0.940306048044 0.339143120491 0.0
-0.0877618581433 -0.340315211939 -0.936206928397 0.0
-0.0496913777813 0.0238188584144 0.0169231602777 1.0
0.996679 0.000724 -0.081428 0.000000
0.027949 -0.942257 0.333721 0.000000
-0.076485 -0.334889 -0.939148 0.000000
-0.073663 0.027878 0.015029 1.000000
-0.025172 0.937669 -0.346617 0.000000
-0.997673 -0.001585 0.068165 0.000000
0.063367 0.347526 0.935527 0.000000
-0.065306 0.056404 0.006341 1.000000
4050.582735