3
0.875908470611 0.0339238270461 0.48128320672 0.0
-0.0655292178078 -0.979917178514 0.188330148586 0.0
0.478006561383 -0.196498084499 -0.856094755306 0.0
-0.0663634806332 0.0578842137408 0.116187319626 1.0
0.870373 0.039531 0.490803 0.000000
-0.056981 -0.981989 0.180141 0.000000
0.489085 -0.184756 -0.852444 0.000000
-0.077911 0.062953 0.115778 1.000000
0.066866 0.979562 -0.189704 0.000000
-0.863818 -0.038319 -0.502344 0.000000
-0.499347 0.197459 0.843601 0.000000
-0.069339 0.092699 0.116634 1.000000
4057.207168