3
0.68128439353 -0.0659812062828 0.7290391317 0.0
-0.499934637423 -0.769427661229 0.397550540737 0.0
0.534712009812 -0.635316893017 -0.557185347986 0.0
-0.511963332816 -0.0727426311048 -1.16918248121 1.0
0.674761 -0.039617 0.736972 0.000000
-0.486331 -0.774967 0.403619 0.000000
0.555139 -0.630759 -0.542184 0.000000
-0.511114 -0.072377 -1.144707 1.000000
0.496316 0.766266 -0.408052 0.000000
-0.665812 0.034350 -0.745328 0.000000
-0.557103 0.641605 0.527238 0.000000
-0.491763 -0.048558 -1.148854 1.000000
4096.351465