3
0.992448571646 -0.0773930411009 -0.0951638052339 0.0
-0.0347812131767 -0.921539235127 0.386724327307 0.0
-0.117626952045 -0.38049409366 -0.917272121479 0.0
0.159246403649 -0.266395766615 -0.352230546549 1.0
0.993858 -0.061725 -0.091847 0.000000
-0.023502 -0.928786 0.369870 0.000000
-0.108136 -0.365439 -0.924533 0.000000
0.160172 -0.271928 -0.330872 1.000000
0.025838 0.923551 -0.382605 0.000000
-0.995071 0.060418 0.078639 0.000000
0.095743 0.378687 0.920559 0.000000
0.170088 -0.244304 -0.340751 1.000000
4073.667835