3
0.846935866548 -0.00617176204552 0.531659239841 0.0
-0.317040589797 -0.808582457794 0.495660845104 0.0
0.426831234068 -0.588350506332 -0.686774183646 0.0
-0.502827928323 -0.0530796068062 -0.835973243622 1.0
0.841832 0.003717 0.539726 0.000000
-0.309996 -0.815264 0.489128 0.000000
0.441838 -0.579077 -0.685164 0.000000
-0.497189 -0.048818 -0.813647 1.000000
0.319114 0.807419 -0.496227 0.000000
-0.834964 -0.008171 -0.550244 0.000000
-0.448332 0.589922 0.671558 0.000000
-0.481304 -0.023522 -0.821816 1.000000
4089.024473