3
0.999959 -0.008325 -0.003454 0.000000
-0.006128 -0.908961 0.416835 0.000000
-0.006610 -0.416797 -0.908975 0.000000
-0.021849 -0.003718 0.006544 1.000000
0.999998 -0.001997 -0.000802 0.000000
-0.001502 -0.914701 0.404128 0.000000
-0.001541 -0.404126 -0.914702 0.000000
-0.023701 -0.013318 0.013665 1.000000
0.005296 0.909175 -0.416380 0.000000
-0.999923 0.000148 -0.012397 0.000000
-0.011209 0.416414 0.909106 0.000000
-0.014596 0.014509 0.003578 1.000000
4048.742610
