3
0.832451 0.003912 0.554085 0.000000
-0.328779 -0.801430 0.499614 0.000000
0.446015 -0.598076 -0.665865 0.000000
-0.495322 -0.043145 -0.827840 1.000000
0.831708 0.010656 0.555112 0.000000
-0.318612 -0.809646 0.492910 0.000000
0.454696 -0.586822 -0.669993 0.000000
-0.501763 -0.051062 -0.821350 1.000000
0.327863 0.801724 -0.499745 0.000000
-0.824644 -0.015229 -0.565447 0.000000
-0.460943 0.597501 0.656143 0.000000
-0.485742 -0.025853 -0.829522 1.000000
4091.466793
