3
0.957416 -0.015980 -0.288270 0.000000
0.096619 -0.923162 0.372070 0.000000
-0.272066 -0.384078 -0.882306 0.000000
0.008085 -0.202595 -0.511187 1.000000
0.958318 -0.009751 -0.285538 0.000000
0.097339 -0.928482 0.358395 0.000000
-0.268611 -0.371250 -0.888831 0.000000
0.008164 -0.212428 -0.504143 1.000000
-0.097282 0.923366 -0.371391 0.000000
-0.962031 0.008373 0.272812 0.000000
0.255015 0.383829 0.887492 0.000000
0.014514 -0.184331 -0.515511 1.000000
4104.447981
