3
0.903713 0.011277 0.427991 0.000000
-0.052089 -0.989331 0.136056 0.000000
0.424959 -0.145249 -0.893483 0.000000
-0.088147 0.101269 0.085793 1.000000
0.901788 0.016608 0.431859 0.000000
-0.041909 -0.991192 0.125629 0.000000
0.430142 -0.131390 -0.893149 0.000000
-0.091426 0.090025 0.088814 1.000000
0.051124 0.989393 -0.135969 0.000000
-0.896041 -0.014680 -0.443729 0.000000
-0.441018 0.144519 0.885786 0.000000
-0.082894 0.119726 0.090830 1.000000
4058.311238
