3
0.675218 -0.046415 0.736157 0.000000
-0.497151 -0.765909 0.407706 0.000000
0.544906 -0.641272 -0.540230 0.000000
-0.502741 -0.065071 -1.149486 1.000000
0.674761 -0.039617 0.736972 0.000000
-0.486331 -0.774967 0.403619 0.000000
0.555139 -0.630759 -0.542184 0.000000
-0.511114 -0.072377 -1.144707 1.000000
0.496316 0.766266 -0.408052 0.000000
-0.665812 0.034350 -0.745328 0.000000
-0.557103 0.641605 0.527238 0.000000
-0.491763 -0.048558 -1.148854 1.000000
4096.351465
