3
0.842552 -0.003014 0.538606 0.000000
-0.320032 -0.807123 0.496116 0.000000
0.433226 -0.590375 -0.681009 0.000000
-0.490863 -0.040828 -0.820161 1.000000
0.841832 0.003717 0.539726 0.000000
-0.309996 -0.815264 0.489128 0.000000
0.441838 -0.579077 -0.685164 0.000000
-0.497189 -0.048818 -0.813647 1.000000
0.319114 0.807419 -0.496227 0.000000
-0.834964 -0.008171 -0.550244 0.000000
-0.448332 0.589922 0.671558 0.000000
-0.481304 -0.023522 -0.821816 1.000000
4089.024473
