3
0.969971 0.085043 0.227867 0.000000
0.092643 -0.995437 -0.022845 0.000000
0.224884 0.043270 -0.973424 0.000000
-0.125727 -0.379609 -0.523695 1.000000
0.968383 0.089448 0.232882 0.000000
0.100337 -0.994327 -0.035311 0.000000
0.228402 0.057561 -0.971864 0.000000
-0.126938 -0.391521 -0.521977 1.000000
-0.093564 0.995344 0.023139 0.000000
-0.965734 -0.085081 -0.245192 0.000000
-0.242082 -0.045287 0.969198 0.000000
-0.121596 -0.361451 -0.516849 1.000000
4079.556228
