3
0.804130 0.005683 0.594427 0.000000
-0.348633 -0.805422 0.479323 0.000000
0.481488 -0.592675 -0.645682 0.000000
-0.496307 -0.041223 -0.821247 1.000000
0.803300 0.012418 0.595445 0.000000
-0.338103 -0.813554 0.473092 0.000000
0.490302 -0.581357 -0.649329 0.000000
-0.503017 -0.049204 -0.815116 1.000000
0.347722 0.805711 -0.479498 0.000000
-0.795711 -0.016906 -0.605440 0.000000
-0.495916 0.592067 0.635235 0.000000
-0.486750 -0.023874 -0.822380 1.000000
4092.035586
