3
0.723796 0.032454 0.689250 0.000000
-0.403841 -0.790020 0.461281 0.000000
0.559492 -0.612221 -0.558708 0.000000
-0.503060 -0.053199 -0.850352 1.000000
0.722831 0.039215 0.689911 0.000000
-0.392600 -0.798299 0.456710 0.000000
0.568666 -0.600983 -0.561640 0.000000
-0.510464 -0.060999 -0.844817 1.000000
0.402959 0.790297 -0.461579 0.000000
-0.714047 -0.044009 -0.698714 0.000000
-0.572505 0.611142 0.546575 0.000000
-0.493474 -0.035838 -0.850919 1.000000
4093.842225
