3
0.665830 -0.048430 0.744530 0.000000
-0.503432 -0.765653 0.400414 0.000000
0.550660 -0.641428 -0.534176 0.000000
-0.507488 -0.064441 -1.151143 1.000000
0.665373 -0.041632 0.745349 0.000000
-0.492576 -0.774723 0.396450 0.000000
0.560934 -0.630929 -0.535987 0.000000
-0.515932 -0.071739 -1.146480 1.000000
0.502603 0.766012 -0.400769 0.000000
-0.656329 0.036362 -0.753598 0.000000
-0.562692 0.641797 0.521031 0.000000
-0.496494 -0.047945 -1.150352 1.000000
4095.950003
