3
0.838980 -0.029760 0.543348 0.000000
-0.089558 -0.992439 0.083930 0.000000
0.536742 -0.119077 -0.835302 0.000000
0.516764 -0.012859 -0.084590 1.000000
0.836667 -0.024546 0.547162 0.000000
-0.078124 -0.994129 0.074862 0.000000
0.542112 -0.105381 -0.833672 0.000000
0.512888 -0.024130 -0.082530 1.000000
0.088592 0.992522 -0.083968 0.000000
-0.829358 0.026814 -0.558074 0.000000
-0.551649 0.119080 0.825532 0.000000
0.521672 0.005232 -0.078091 1.000000
1932.183415
