3
0.817490 -0.043537 0.574295 0.000000
-0.008771 -0.997964 -0.063170 0.000000
0.575876 0.046604 -0.816208 0.000000
0.529254 0.073153 -0.100575 1.000000
0.814604 -0.039134 0.578696 0.000000
0.003098 -0.997414 -0.071810 0.000000
0.580009 0.060290 -0.812376 0.000000
0.526266 0.061434 -0.100339 1.000000
0.007802 0.997977 0.063096 0.000000
-0.807107 0.043536 -0.588798 0.000000
-0.590353 -0.046332 0.805814 0.000000
0.532374 0.090424 -0.091325 1.000000
1929.774525
