3
0.999836 -0.017840 -0.002966 0.000000
-0.016860 -0.978819 0.204030 0.000000
-0.006543 -0.203947 -0.978960 0.000000
-0.005051 -0.020530 -0.005049 1.000000
0.999924 -0.012261 0.001028 0.000000
-0.012233 -0.981635 0.190374 0.000000
-0.001325 -0.190372 -0.981711 0.000000
-0.007029 -0.031454 -0.000248 1.000000
0.016029 0.978935 -0.203541 0.000000
-0.999808 0.013396 -0.014307 0.000000
-0.011279 0.203731 0.978962 0.000000
0.002392 -0.002177 -0.003867 1.000000
1862.292395
