3
0.997833 -0.030014 0.058548 0.000000
-0.038993 -0.986538 0.158817 0.000000
0.052993 -0.160756 -0.985570 0.000000
0.579850 -0.079523 -0.072413 1.000000
0.997723 -0.024617 0.062785 0.000000
-0.033545 -0.988809 0.145364 0.000000
0.058504 -0.147140 -0.987384 0.000000
0.577471 -0.090623 -0.068235 1.000000
0.038134 0.986642 -0.158376 0.000000
-0.996763 0.026331 -0.075967 0.000000
-0.070782 0.160760 0.984452 0.000000
0.587379 -0.061333 -0.069954 1.000000
1911.239532
