3
0.888293 -0.048921 0.456665 0.000000
0.043929 -0.980702 -0.190508 0.000000
0.457172 0.189287 -0.869002 0.000000
0.062318 0.114432 -0.014641 1.000000
0.885759 -0.045318 0.461927 0.000000
0.054474 -0.978194 -0.200423 0.000000
0.460937 0.202690 -0.863976 0.000000
0.060112 0.102574 -0.015554 1.000000
-0.044897 0.980649 0.190558 0.000000
-0.879970 0.051476 -0.472232 0.000000
-0.472903 -0.188887 0.860630 0.000000
0.065588 0.130651 -0.003693 1.000000
1876.678774
