3
0.985861 -0.021644 0.166160 0.000000
-0.057830 -0.974644 0.216161 0.000000
0.157268 -0.222714 -0.962115 0.000000
0.586792 -0.018625 0.210324 1.000000
0.985313 -0.015990 0.170009 0.000000
-0.050986 -0.977739 0.203536 0.000000
0.162970 -0.209215 -0.964194 0.000000
0.583956 -0.029447 0.214922 1.000000
0.056929 0.974772 -0.215822 0.000000
-0.982950 0.016868 -0.183097 0.000000
-0.174837 0.222565 0.959112 0.000000
0.594056 -0.000281 0.212409 1.000000
1954.762960
