3
0.999978 -0.006249 0.002116 0.000000
-0.006551 -0.978293 0.207125 0.000000
0.000776 -0.207134 -0.978312 0.000000
-0.012010 -0.025397 -0.019518 1.000000
0.999981 -0.000657 0.006093 0.000000
-0.001823 -0.981098 0.193502 0.000000
0.005851 -0.193509 -0.981081 0.000000
-0.013885 -0.036328 -0.014691 1.000000
0.005716 0.978400 -0.206641 0.000000
-0.999811 0.001750 -0.019375 0.000000
-0.018595 0.206712 0.978225 0.000000
-0.004786 -0.006955 -0.018359 1.000000
1863.965232
