3
0.998952 -0.026118 0.037581 0.000000
-0.032567 -0.982612 0.182791 0.000000
0.032154 -0.183824 -0.982433 0.000000
0.032002 0.010044 0.104219 1.000000
0.998918 -0.020623 0.041691 0.000000
-0.027404 -0.985187 0.169281 0.000000
0.037582 -0.170240 -0.984686 0.000000
0.029746 -0.000960 0.108707 1.000000
0.031717 0.982725 -0.182334 0.000000
-0.998247 0.022027 -0.054928 0.000000
-0.049962 0.183757 0.981701 0.000000
0.039527 0.028306 0.106086 1.000000
1893.373652
