3
0.812226 -0.052095 0.581011 0.000000
-0.000853 -0.996109 -0.088121 0.000000
0.583342 0.071079 -0.809111 0.000000
0.518150 0.090893 -0.091823 1.000000
0.809266 -0.047824 0.585492 0.000000
0.011093 -0.995259 -0.096628 0.000000
0.587337 0.084693 -0.804899 0.000000
0.515245 0.079151 -0.091908 1.000000
-0.000114 0.996117 0.088039 0.000000
-0.801705 0.052531 -0.595407 0.000000
-0.597720 -0.070649 0.798586 0.000000
0.521053 0.107950 -0.082114 1.000000
1929.005027
