3
0.998988 -0.032872 0.030696 0.000000
-0.036939 -0.989030 0.143024 0.000000
0.025658 -0.144014 -0.989243 0.000000
0.037115 0.015408 0.108431 1.000000
0.999007 -0.027548 0.035026 0.000000
-0.031866 -0.991082 0.129391 0.000000
0.031149 -0.130379 -0.990975 0.000000
0.034824 0.004243 0.112483 1.000000
0.036092 0.989128 -0.142558 0.000000
-0.998403 0.029484 -0.048198 0.000000
-0.043471 0.144070 0.988612 0.000000
0.044751 0.033539 0.110992 1.000000
1894.042786
