3
0.999677 -0.013482 -0.021539 0.000000
-0.008888 -0.979622 0.200653 0.000000
-0.023805 -0.200397 -0.979426 0.000000
0.383975 -0.101071 -0.110471 1.000000
0.999815 -0.007918 -0.017525 0.000000
-0.004503 -0.982368 0.186904 0.000000
-0.018696 -0.186790 -0.982222 0.000000
0.382133 -0.112022 -0.105674 1.000000
0.008066 0.979732 -0.200148 0.000000
-0.999950 0.009101 0.004251 0.000000
0.005986 0.200104 0.979756 0.000000
0.391360 -0.082691 -0.109358 1.000000
1913.715318
