3
0.999922 -0.009397 0.008255 0.000000
-0.010941 -0.976960 0.213142 0.000000
0.006062 -0.213215 -0.976986 0.000000
-0.008828 -0.021697 -0.010226 1.000000
0.999918 -0.003780 0.012197 0.000000
-0.006139 -0.979865 0.199565 0.000000
0.011197 -0.199624 -0.979809 0.000000
-0.010768 -0.032592 -0.005343 1.000000
0.010103 0.977073 -0.212663 0.000000
-0.999664 0.004790 -0.025484 0.000000
-0.023881 0.212849 0.976793 0.000000
-0.001553 -0.003271 -0.009136 1.000000
1863.229179
