3
0.998104 -0.023514 0.056885 0.000000
-0.035474 -0.974990 0.219397 0.000000
0.050303 -0.220999 -0.973976 0.000000
0.030925 0.006243 0.097958 1.000000
0.997991 -0.017867 0.060781 0.000000
-0.030062 -0.978071 0.206092 0.000000
0.055766 -0.207505 -0.976643 0.000000
0.028593 -0.004585 0.102819 1.000000
0.034616 0.975119 -0.218961 0.000000
-0.997078 0.018768 -0.074047 0.000000
-0.068095 0.220884 0.972920 0.000000
0.038407 0.024571 0.099267 1.000000
1892.570692
