3
0.998568 -0.025713 0.046922 0.000000
-0.026080 -0.999634 0.007224 0.000000
0.046719 -0.008438 -0.998872 0.000000
0.110087 0.043821 0.119709 1.000000
0.998429 -0.021024 0.051931 0.000000
-0.020717 -0.999765 -0.006452 0.000000
0.052054 0.005366 -0.998630 0.000000
0.107872 0.032186 0.122165 1.000000
0.025223 0.999659 -0.006767 0.000000
-0.997598 0.024733 -0.064705 0.000000
-0.064516 0.008383 0.997881 0.000000
0.117421 0.061522 0.124857 1.000000
1897.622661
