3
0.973876 -0.013063 0.226704 0.000000
-0.080966 -0.952703 0.292920 0.000000
0.212155 -0.303623 -0.928872 0.000000
0.065554 0.000393 0.108250 1.000000
0.973158 -0.007102 0.230027 0.000000
-0.073412 -0.956886 0.281035 0.000000
0.218113 -0.290378 -0.931723 0.000000
0.062334 -0.009989 0.113556 1.000000
0.080048 0.952864 -0.292647 0.000000
-0.970008 0.006865 -0.242975 0.000000
-0.229513 0.303320 0.924836 0.000000
0.072874 0.018807 0.109230 1.000000
1889.927623
