3
0.932540 -0.032811 0.359573 0.000000
0.011520 -0.992652 -0.120456 0.000000
0.360883 0.116473 -0.925310 0.000000
0.318040 0.102449 -0.078219 1.000000
0.930643 -0.028785 0.364796 0.000000
0.020938 -0.991079 -0.131621 0.000000
0.365330 0.130130 -0.921738 0.000000
0.315612 0.090602 -0.078000 1.000000
-0.012478 0.992621 0.120616 0.000000
-0.925953 0.034061 -0.376100 0.000000
-0.377433 -0.116378 0.918695 0.000000
0.322679 0.119357 -0.068933 1.000000
1924.722561
