3
0.999903 -0.004991 0.013012 0.000000
-0.007605 -0.977820 0.209311 0.000000
0.011679 -0.209389 -0.977763 0.000000
-0.012473 -0.022025 -0.018123 1.000000
0.999856 0.000610 0.016976 0.000000
-0.002725 -0.980651 0.195746 0.000000
0.016767 -0.195764 -0.980508 0.000000
-0.014388 -0.032947 -0.013291 1.000000
0.006765 0.977927 -0.208835 0.000000
-0.999542 0.000453 -0.030257 0.000000
-0.029495 0.208945 0.977483 0.000000
-0.005285 -0.003571 -0.016927 1.000000
1865.838801
