3
0.798001 0.008044 0.602603 0.000000
-0.155143 -0.963469 0.218309 0.000000
0.582345 -0.267700 -0.767601 0.000000
0.158347 0.018945 0.107004 1.000000
0.795763 0.013872 0.605450 0.000000
-0.143260 -0.967051 0.210449 0.000000
0.588420 -0.254204 -0.767556 0.000000
0.153665 0.008310 0.110364 1.000000
0.154187 0.963594 -0.218431 0.000000
-0.787627 -0.013607 -0.616003 0.000000
-0.596549 0.267022 0.756854 0.000000
0.163909 0.037523 0.111191 1.000000
1884.641462
