3
0.871245 -0.051317 0.488159 0.000000
0.004853 -0.993571 -0.113108 0.000000
0.490825 0.100914 -0.865394 0.000000
0.436890 0.103442 -0.083249 1.000000
0.868723 -0.047208 0.493043 0.000000
0.015790 -0.992302 -0.122833 0.000000
0.495046 0.114493 -0.861290 0.000000
0.434174 0.091655 -0.083322 1.000000
-0.005824 0.993563 0.113131 0.000000
-0.862357 0.052286 -0.503593 0.000000
-0.506267 -0.100492 0.856502 0.000000
0.440569 0.120311 -0.073476 1.000000
1927.365683
