3
0.999851 -0.015033 0.008429 0.000000
-0.015296 -0.999367 0.032105 0.000000
0.007941 -0.032229 -0.999449 0.000000
-0.002432 0.126457 -0.018677 1.000000
0.999859 -0.010225 0.013326 0.000000
-0.010468 -0.999779 0.018236 0.000000
0.013136 -0.018373 -0.999745 0.000000
-0.004427 0.114865 -0.015858 1.000000
0.014458 0.999396 -0.031615 0.000000
-0.999564 0.013631 -0.026208 0.000000
-0.025761 0.031980 0.999156 0.000000
0.004912 0.144347 -0.014244 1.000000
1869.385214
