3
0.948873 -0.023326 0.314796 0.000000
-0.107545 -0.961491 0.252923 0.000000
0.296774 -0.273846 -0.914841 0.000000
0.220655 -0.063774 0.240538 1.000000
0.947852 -0.017475 0.318232 0.000000
-0.098929 -0.965307 0.241652 0.000000
0.302969 -0.260533 -0.916696 0.000000
0.216961 -0.074314 0.245183 1.000000
0.106606 0.961646 -0.252731 0.000000
-0.943523 0.017649 -0.330836 0.000000
-0.313687 0.273726 0.909216 0.000000
0.227853 -0.045424 0.242790 1.000000
1938.071787
