3
0.988111 -0.010742 0.153367 0.000000
-0.057383 -0.951235 0.303082 0.000000
0.142632 -0.308279 -0.940542 0.000000
0.117122 -0.068367 0.273782 1.000000
0.987634 -0.004765 0.156704 0.000000
-0.050732 -0.955472 0.290687 0.000000
0.148341 -0.295042 -0.943899 0.000000
0.114324 -0.078725 0.279368 1.000000
0.056488 0.951397 -0.302742 0.000000
-0.985460 0.004463 -0.169850 0.000000
-0.160243 0.307935 0.937816 0.000000
0.124466 -0.049940 0.274118 1.000000
1939.410066
