3
0.999816 -0.009909 0.016446 0.000000
-0.013021 -0.979408 0.201470 0.000000
0.014111 -0.201647 -0.979357 0.000000
-0.010349 -0.012971 -0.020649 1.000000
0.999781 -0.004339 0.020454 0.000000
-0.008107 -0.982155 0.187900 0.000000
0.019274 -0.188025 -0.981975 0.000000
-0.012333 -0.023923 -0.015912 1.000000
0.012179 0.979516 -0.200996 0.000000
-0.999416 0.005506 -0.033726 0.000000
-0.031928 0.201290 0.979011 0.000000
-0.003077 0.005437 -0.019281 1.000000
1866.139925
