3
0.944908 -0.049761 0.323533 0.000000
0.017553 -0.979253 -0.201879 0.000000
0.326866 0.196436 -0.924430 0.000000
0.047443 0.116123 -0.013836 1.000000
0.943153 -0.046201 0.329131 0.000000
0.026556 -0.976649 -0.213192 0.000000
0.331295 0.209813 -0.919903 0.000000
0.045147 0.104266 -0.014507 1.000000
-0.018504 0.979197 0.202068 0.000000
-0.938919 0.052444 -0.340118 0.000000
-0.343640 -0.196019 0.918416 0.000000
0.052231 0.132275 -0.003358 1.000000
1874.805212
