3
0.995893 -0.038297 -0.082043 0.000000
-0.024223 -0.985806 0.166134 0.000000
-0.087241 -0.163465 -0.982684 0.000000
0.382674 0.011687 0.208935 1.000000
0.996422 -0.032890 -0.077852 0.000000
-0.020736 -0.988154 0.152058 0.000000
-0.081930 -0.149899 -0.985301 0.000000
0.380816 0.000618 0.213444 1.000000
0.023435 0.985918 -0.165577 0.000000
-0.997309 0.034565 0.064659 0.000000
0.069472 0.163616 0.984075 0.000000
0.390620 0.029819 0.210250 1.000000
1957.272214
