3
0.777742 0.001301 0.628582 0.000000
-0.126603 -0.979181 0.158673 0.000000
0.615702 -0.202987 -0.761385 0.000000
0.151634 0.029766 0.089482 1.000000
0.775204 0.006876 0.631674 0.000000
-0.114355 -0.981893 0.151028 0.000000
0.621275 -0.189312 -0.760380 0.000000
0.147240 0.018800 0.092082 1.000000
0.125648 0.979280 -0.158819 0.000000
-0.766753 -0.005726 -0.641916 0.000000
-0.629525 0.202430 0.750147 0.000000
0.156377 0.048256 0.094888 1.000000
1883.905415
