3
0.999280 -0.002188 -0.037889 0.000000
0.001005 -0.996463 0.084025 0.000000
-0.037939 -0.084002 -0.995743 0.000000
0.675669 0.029138 0.183910 1.000000
0.999443 0.002867 -0.033252 0.000000
0.005190 -0.997535 0.069984 0.000000
-0.032969 -0.070117 -0.996994 0.000000
0.673979 0.017684 0.187411 1.000000
-0.001820 0.996506 -0.083498 0.000000
-0.999796 -0.000132 0.020212 0.000000
0.020131 0.083518 0.996303 0.000000
0.682945 0.047323 0.187069 1.000000
1904.882754
