3
0.998506 0.009395 -0.053834 0.000000
0.008617 -0.999855 -0.014664 0.000000
-0.053964 0.014178 -0.998442 0.000000
0.089810 0.028110 -0.127733 1.000000
0.998715 0.013969 -0.048724 0.000000
0.012575 -0.999506 -0.028807 0.000000
-0.049102 0.028158 -0.998397 0.000000
0.088249 0.016354 -0.125352 1.000000
-0.009423 0.999840 0.015205 0.000000
-0.999301 -0.009966 0.036025 0.000000
0.036171 -0.014855 0.999235 0.000000
0.097023 0.045952 -0.122913 1.000000
1918.767276
