3
0.999571 -0.020821 -0.020576 0.000000
-0.016084 -0.977948 0.208230 0.000000
-0.024458 -0.207810 -0.977863 0.000000
0.260863 -0.097901 -0.131877 1.000000
0.999746 -0.015226 -0.016606 0.000000
-0.011707 -0.980831 0.194506 0.000000
-0.019250 -0.194262 -0.980761 0.000000
0.258939 -0.108801 -0.126998 1.000000
0.015262 0.978068 -0.207727 0.000000
-0.999861 0.016307 0.003323 0.000000
0.006637 0.207647 0.978181 0.000000
0.268379 -0.079566 -0.130900 1.000000
1914.886296
