3
0.997003 -0.019468 0.074867 0.000000
-0.023272 -0.998464 0.050275 0.000000
0.073774 -0.051866 -0.995925 0.000000
0.241959 0.045322 0.122879 1.000000
0.996716 -0.014566 0.079660 0.000000
-0.017540 -0.999170 0.036767 0.000000
0.079059 -0.038043 -0.996144 0.000000
0.239714 0.033797 0.125782 1.000000
0.022403 0.998506 -0.049842 0.000000
-0.995550 0.017716 -0.092558 0.000000
-0.091536 0.051694 0.994459 0.000000
0.249099 0.063261 0.127443 1.000000
1899.262033
