3
0.999496 -0.031593 0.003130 0.000000
-0.031461 -0.972437 0.231033 0.000000
-0.004255 -0.231015 -0.972941 0.000000
0.470818 -0.012872 0.214073 1.000000
0.999640 -0.025907 0.006969 0.000000
-0.026802 -0.975695 0.217487 0.000000
0.001165 -0.217595 -0.976038 0.000000
0.468664 -0.023630 0.219165 1.000000
0.030629 0.972578 -0.230552 0.000000
-0.999439 0.026669 -0.020273 0.000000
-0.013569 0.231043 0.972849 0.000000
0.478508 0.005403 0.214787 1.000000
1956.101227
