3
0.826942 -0.058189 0.559268 0.000000
0.048849 -0.983436 -0.174550 0.000000
0.560161 0.171663 -0.810402 0.000000
0.077763 0.109593 0.005476 1.000000
0.823867 -0.054484 0.564158 0.000000
0.060538 -0.981216 -0.183168 0.000000
0.563541 0.185059 -0.805093 0.000000
0.075471 0.097763 0.004421 1.000000
-0.049818 0.983399 0.174486 0.000000
-0.816790 0.060426 -0.573762 0.000000
-0.574780 -0.171102 0.800220 0.000000
0.079999 0.125882 0.016579 1.000000
1878.284689
