3
0.999024 -0.032272 0.030157 0.000000
-0.033958 -0.997788 0.057146 0.000000
0.028246 -0.058114 -0.997910 0.000000
0.586122 0.032422 0.190633 1.000000
0.999016 -0.027342 0.034929 0.000000
-0.028849 -0.998641 0.043399 0.000000
0.033695 -0.044364 -0.998447 0.000000
0.583860 0.020942 0.193702 1.000000
0.033110 0.997844 -0.056675 0.000000
-0.998390 0.030408 -0.047884 0.000000
-0.046058 0.058169 0.997244 0.000000
0.593692 0.050289 0.194766 1.000000
1903.544483
