3
0.974463 -0.049431 0.219040 0.000000
-0.069522 -0.993954 0.084981 0.000000
0.213515 -0.098039 -0.972008 0.000000
0.622480 0.081957 0.210950 1.000000
0.973685 -0.044316 0.223548 0.000000
-0.061948 -0.995444 0.072482 0.000000
0.219317 -0.084423 -0.971994 0.000000
0.619390 0.070651 0.213942 1.000000
0.068603 0.994044 -0.084681 0.000000
-0.970561 0.046856 -0.236253 0.000000
-0.230878 0.098396 0.967995 0.000000
0.629593 0.099831 0.215802 1.000000
1952.186795
