3
0.842014 -0.052416 0.536903 0.000000
-0.000945 -0.995410 -0.095697 0.000000
0.539455 0.080071 -0.838199 0.000000
0.478704 0.094369 -0.091326 1.000000
0.839275 -0.048193 0.541567 0.000000
0.010532 -0.994436 -0.104815 0.000000
0.543605 0.093673 -0.834097 0.000000
0.475853 0.082614 -0.091349 1.000000
-0.000026 0.995414 0.095665 0.000000
-0.832270 0.053012 -0.551831 0.000000
-0.554371 -0.079634 0.828451 0.000000
0.482039 0.111366 -0.081652 1.000000
1928.268987
