3
0.999826 -0.017727 -0.005801 0.000000
-0.016223 -0.979957 0.198548 0.000000
-0.009204 -0.198420 -0.980074 0.000000
-0.005426 -0.020085 -0.001504 1.000000
0.999924 -0.012171 -0.001775 0.000000
-0.011633 -0.982695 0.184864 0.000000
-0.003994 -0.184830 -0.982762 0.000000
-0.007390 -0.031036 0.003241 1.000000
0.015393 0.980070 -0.198056 0.000000
-0.999844 0.013380 -0.011498 0.000000
-0.008618 0.198202 0.980123 0.000000
0.002018 -0.001738 -0.000238 1.000000
1861.957828
