3
0.999880 -0.014849 0.004515 0.000000
-0.014954 -0.999596 0.024151 0.000000
0.004154 -0.024216 -0.999698 0.000000
-0.004797 0.130838 -0.019139 1.000000
0.999905 -0.010081 0.009450 0.000000
-0.010178 -0.999896 0.010261 0.000000
0.009345 -0.010357 -0.999903 0.000000
-0.006779 0.119223 -0.016405 1.000000
0.014117 0.999620 -0.023658 0.000000
-0.999659 0.013590 -0.022305 0.000000
-0.021975 0.023965 0.999471 0.000000
0.002560 0.148694 -0.014590 1.000000
1869.050649
