3
0.998976 -0.041389 0.018289 0.000000
-0.044161 -0.979893 0.194577 0.000000
0.009868 -0.195186 -0.980717 0.000000
0.493807 -0.099738 -0.089429 1.000000
0.999108 -0.035849 0.022336 0.000000
-0.039307 -0.982698 0.180998 0.000000
0.015461 -0.181715 -0.983230 0.000000
0.491471 -0.110655 -0.084772 1.000000
0.043322 0.980024 -0.194105 0.000000
-0.998677 0.037096 -0.035598 0.000000
-0.027687 0.195391 0.980335 0.000000
0.501650 -0.081577 -0.087918 1.000000
1912.276676
