3
0.997060 -0.035754 0.067767 0.000000
-0.033662 -0.998929 -0.031758 0.000000
0.068830 0.029384 -0.997196 0.000000
0.547077 0.148688 0.245794 1.000000
0.996846 -0.031259 0.072948 0.000000
-0.027998 -0.998581 -0.045309 0.000000
0.074260 0.043123 -0.996306 0.000000
0.544722 0.136986 0.247753 1.000000
0.032796 0.998943 0.032197 0.000000
-0.995703 0.035447 -0.085549 0.000000
-0.086600 -0.029253 0.995814 0.000000
0.554427 0.166118 0.251777 1.000000
1949.376443
