3
0.999943 -0.009751 0.004288 0.000000
-0.010439 -0.977248 0.211841 0.000000
0.002125 -0.211873 -0.977295 0.000000
-0.008790 -0.021251 -0.011453 1.000000
0.999958 -0.004140 0.008238 0.000000
-0.005691 -0.980137 0.198241 0.000000
0.007254 -0.198280 -0.980119 0.000000
-0.010714 -0.032152 -0.006578 1.000000
0.009603 0.977361 -0.211358 0.000000
-0.999755 0.005168 -0.021525 0.000000
-0.019945 0.211513 0.977172 0.000000
-0.001503 -0.002829 -0.010367 1.000000
1863.530292
