3
0.965453 -0.015899 0.260090 0.000000
-0.094344 -0.951746 0.292024 0.000000
0.242897 -0.306474 -0.920367 0.000000
0.080091 0.000590 0.103711 1.000000
0.964643 -0.009928 0.263374 0.000000
-0.086400 -0.955982 0.280415 0.000000
0.248997 -0.293256 -0.923039 0.000000
0.076655 -0.009769 0.108926 1.000000
0.093417 0.951911 -0.291784 0.000000
-0.961050 0.009650 -0.276206 0.000000
-0.260107 0.306221 0.915736 0.000000
0.087438 0.018981 0.104903 1.000000
1889.291953
