3
0.997148 -0.028353 0.069943 0.000000
-0.025959 -0.999053 -0.034908 0.000000
0.070866 0.032992 -0.996940 0.000000
0.062489 0.045592 0.119415 1.000000
0.996887 -0.023877 0.075137 0.000000
-0.020267 -0.998620 -0.048444 0.000000
0.076190 0.046770 -0.995996 0.000000
0.060219 0.033867 0.121333 1.000000
0.025091 0.999060 0.035345 0.000000
-0.995748 0.028112 -0.087722 0.000000
-0.088633 -0.032993 0.995518 0.000000
0.069692 0.063059 0.125470 1.000000
1896.786237
