3
0.999905 -0.013623 0.002259 0.000000
-0.013795 -0.978085 0.207748 0.000000
-0.000621 -0.207760 -0.978180 0.000000
-0.005501 -0.021011 -0.009098 1.000000
0.999948 -0.008029 0.006232 0.000000
-0.009086 -0.980934 0.194128 0.000000
0.004555 -0.194174 -0.980956 0.000000
-0.007458 -0.031925 -0.004265 1.000000
0.012961 0.978199 -0.207264 0.000000
-0.999768 0.009112 -0.019515 0.000000
-0.017201 0.207469 0.978090 0.000000
0.001858 -0.002622 -0.007949 1.000000
1862.894616
