3
0.995117 -0.003201 -0.098652 0.000000
0.006795 -0.994882 0.100820 0.000000
-0.098470 -0.100998 -0.990002 0.000000
0.103163 -0.036537 -0.142598 1.000000
0.995559 0.001932 -0.094120 0.000000
0.010118 -0.996194 0.086570 0.000000
-0.093595 -0.087138 -0.991790 0.000000
0.101697 -0.047929 -0.138806 1.000000
-0.007576 0.994934 -0.100245 0.000000
-0.996707 0.000580 0.081082 0.000000
0.080729 0.100530 0.991654 0.000000
0.110605 -0.018303 -0.140200 1.000000
1917.161370
