3
0.982335 -0.023287 0.185679 0.000000
-0.044224 -0.993010 0.109430 0.000000
0.181833 -0.115708 -0.976498 0.000000
0.624776 0.061193 0.210650 1.000000
0.981599 -0.018087 0.190096 0.000000
-0.037056 -0.994623 0.096708 0.000000
0.187325 -0.101973 -0.976991 0.000000
0.622046 0.049895 0.213998 1.000000
0.043314 0.993087 -0.109100 0.000000
-0.978975 0.020402 -0.202956 0.000000
-0.199327 0.115597 0.973091 0.000000
0.631650 0.079324 0.214849 1.000000
1952.789016
