3
0.999220 -0.023798 0.031524 0.000000
-0.028392 -0.987603 0.154383 0.000000
0.027459 -0.155157 -0.987508 0.000000
0.594003 -0.033993 0.034331 1.000000
0.999189 -0.018425 0.035792 0.000000
-0.023294 -0.989767 0.140776 0.000000
0.032832 -0.141496 -0.989394 0.000000
0.591807 -0.045130 0.038510 1.000000
0.027544 0.987700 -0.153918 0.000000
-0.998595 0.020215 -0.048985 0.000000
-0.045272 0.155051 0.986869 0.000000
0.601479 -0.015767 0.036687 1.000000
1909.767438
