3
0.999951 -0.009716 0.001882 0.000000
-0.009893 -0.976865 0.213629 0.000000
-0.000237 -0.213637 -0.976913 0.000000
-0.012526 -0.027951 -0.027002 1.000000
0.999975 -0.004097 0.005821 0.000000
-0.005179 -0.979777 0.200024 0.000000
0.004884 -0.200049 -0.979774 0.000000
-0.014438 -0.038844 -0.022102 1.000000
0.009059 0.976978 -0.213145 0.000000
-0.999804 0.005101 -0.019110 0.000000
-0.017583 0.213277 0.976834 0.000000
-0.005238 -0.009528 -0.025967 1.000000
1864.567447
