3
0.754098 -0.048963 0.654934 0.000000
-0.085926 -0.996001 0.024474 0.000000
0.651116 -0.074732 -0.755290 0.000000
0.118363 0.070331 0.030047 1.000000
0.751192 -0.043957 0.658618 0.000000
-0.073301 -0.997164 0.017053 0.000000
0.656001 -0.061088 -0.752284 0.000000
0.114400 0.058943 0.031015 1.000000
0.084973 0.996078 -0.024646 0.000000
-0.742449 0.046802 -0.668266 0.000000
-0.664492 0.075083 0.743514 0.000000
0.122036 0.088129 0.038006 1.000000
1881.998386
