3
0.999818 -0.015832 0.010684 0.000000
-0.016339 -0.998656 0.049184 0.000000
0.009891 -0.049350 -0.998733 0.000000
-0.001747 0.117528 -0.021851 1.000000
0.999820 -0.010941 0.015498 0.000000
-0.011484 -0.999310 0.035334 0.000000
0.015101 -0.035506 -0.999255 0.000000
-0.003759 0.105988 -0.018838 1.000000
0.015500 0.998693 -0.048697 0.000000
-0.999496 0.014126 -0.028436 0.000000
-0.027711 0.049113 0.998409 0.000000
0.005605 0.135484 -0.017710 1.000000
1869.686324
