3
0.973237 -0.038442 0.226565 0.000000
0.015877 -0.972305 -0.233176 0.000000
0.229254 0.230533 -0.945673 0.000000
0.020256 0.115148 -0.010909 1.000000
0.971983 -0.035087 0.232418 0.000000
0.023655 -0.969174 -0.245239 0.000000
0.233858 0.243866 -0.941191 0.000000
0.018129 0.103268 -0.011720 1.000000
-0.016803 0.972222 0.233457 0.000000
-0.968985 0.041741 -0.243570 0.000000
-0.246549 -0.230309 0.941367 0.000000
0.025759 0.131087 -0.000457 1.000000
1873.901879
