3
0.815839 -0.063350 0.574799 0.000000
0.042980 -0.984590 -0.169517 0.000000
0.576680 0.163003 -0.800543 0.000000
0.085358 0.107030 0.009491 1.000000
0.812708 -0.059596 0.579615 0.000000
0.054846 -0.982515 -0.177925 0.000000
0.580084 0.176390 -0.795229 0.000000
0.082977 0.095218 0.008442 1.000000
-0.043947 0.984561 0.169435 0.000000
-0.805399 0.065431 -0.589111 0.000000
-0.591102 -0.162352 0.790089 0.000000
0.087538 0.123346 0.020565 1.000000
1878.719627
