3
0.999787 -0.020513 -0.002057 0.000000
-0.019699 -0.979970 0.198167 0.000000
-0.006081 -0.198084 -0.980166 0.000000
-0.004994 -0.020703 0.000413 1.000000
0.999886 -0.014959 0.001971 0.000000
-0.015066 -0.982717 0.184499 0.000000
-0.000823 -0.184508 -0.982831 0.000000
-0.007006 -0.031650 0.005147 1.000000
0.018868 0.980085 -0.197678 0.000000
-0.999753 0.016172 -0.015243 0.000000
-0.011743 0.197917 0.980148 0.000000
0.002497 -0.002377 0.001712 1.000000
1861.656716
