3
0.998865 -0.020962 0.042766 0.000000
-0.019645 -0.999326 -0.030995 0.000000
0.043387 0.030120 -0.998604 0.000000
0.045446 0.036497 0.115300 1.000000
0.998714 -0.016470 0.047951 0.000000
-0.014327 -0.998898 -0.044683 0.000000
0.048634 0.043939 -0.997850 0.000000
0.043314 0.024762 0.117316 1.000000
0.018790 0.999328 0.031456 0.000000
-0.997950 0.020670 -0.060576 0.000000
-0.061186 -0.030253 0.997668 0.000000
0.052684 0.054035 0.121099 1.000000
1896.250930
