3
0.996976 -0.007129 -0.077379 0.000000
0.006153 -0.985412 0.170073 0.000000
-0.077462 -0.170035 -0.982389 0.000000
0.144087 -0.078402 -0.154444 1.000000
0.997315 -0.001691 -0.073207 0.000000
0.009778 -0.987705 0.156022 0.000000
-0.072571 -0.156319 -0.985037 0.000000
0.142558 -0.089507 -0.149898 1.000000
-0.006947 0.985502 -0.169520 0.000000
-0.998193 0.003285 0.060004 0.000000
0.059691 0.169631 0.983698 0.000000
0.151450 -0.060024 -0.153168 1.000000
1916.157657
