3
0.983565 -0.026936 0.178532 0.000000
-0.025274 -0.999614 -0.011580 0.000000
0.178775 0.006877 -0.983866 0.000000
0.600594 0.140417 0.229070 1.000000
0.982757 -0.022325 0.183549 0.000000
-0.018144 -0.999537 -0.024425 0.000000
0.184010 0.020673 -0.982707 0.000000
0.598091 0.128747 0.231033 1.000000
0.024364 0.999632 0.011920 0.000000
-0.980245 0.026229 -0.196042 0.000000
-0.196283 -0.006908 0.980523 0.000000
0.607154 0.158033 0.235415 1.000000
1950.447058
